#Creator: pendulumEventBuffer
#Creation time: Thu Mar 30 12:09:25 2023
#Time	Period	Transit time
#[s]	[s]	[s]
2.995530	2.123964	0.022336
4.057455	2.123851	0.022406
5.119381	2.123824	0.022474
6.181279	2.123788	0.022538
7.243169	2.123752	0.022602
8.305031	2.123719	0.022666
9.366888	2.123676	0.022732
10.428707	2.123621	0.022802
11.490509	2.123566	0.022862
12.552273	2.123526	0.022922
13.614035	2.123490	0.022998
14.675763	2.123448	0.023070
15.737483	2.123399	0.023134
16.799162	2.123352	0.023204
17.860835	2.123315	0.023270
18.922477	2.123268	0.023330
19.984103	2.123217	0.023394
21.045694	2.123180	0.023460
22.107283	2.123144	0.023526
23.168838	2.123091	0.023600
24.230374	2.122988	0.023672
25.291826	2.122978	0.023744
26.353352	2.123011	0.023812
27.414837	2.122956	0.023878
28.476308	2.122905	0.023948
29.537742	2.122852	0.024012
30.599160	2.122811	0.024084
31.660553	2.122816	0.024158
32.721976	2.122788	0.024224
33.783341	2.122692	0.024298
34.844668	2.122677	0.024372
35.906018	2.122638	0.024440
36.967306	2.122576	0.024512
38.028594	2.122609	0.024584
39.089915	2.122583	0.024650
40.151177	2.122450	0.024722
41.212365	2.122404	0.024794
42.273581	2.122419	0.024870
43.334784	2.122378	0.024948
44.395959	2.122350	0.025014
45.457134	2.122311	0.025080
46.518270	2.122277	0.025156
47.579411	2.122254	0.025242
48.640524	2.122211	0.025320
49.701622	2.122175	0.025384
50.762699	2.122150	0.025454
51.823772	2.122113	0.025536
52.884812	2.122086	0.025608
53.945858	2.122057	0.025684
55.006869	2.122006	0.025774
56.067864	2.121977	0.025848
57.128846	2.121949	0.025912
58.189813	2.121909	0.025986
59.250755	2.121886	0.026070
60.311699	2.121853	0.026150
61.372608	2.121821	0.026220
62.433520	2.121789	0.026300
63.494397	2.121758	0.026382
64.555278	2.121725	0.026460
65.616122	2.121684	0.026536
66.676962	2.121634	0.026612
67.737756	2.121608	0.026692
68.798570	2.121578	0.026772
69.859334	2.121544	0.026848
70.920114	2.121527	0.026932
71.980861	2.121489	0.027018
73.041603	2.121448	0.027094
74.102309	2.121411	0.027166
75.163014	2.121384	0.027252
76.223693	2.121359	0.027342
77.284373	2.121319	0.027418
78.345012	2.121276	0.027500
79.405649	2.121251	0.027586
80.466263	2.121220	0.027666
81.526869	2.121190	0.027746
82.587453	2.121158	0.027826
83.648027	2.121110	0.027910
84.708563	2.121089	0.028002
85.769116	2.121067	0.028092
86.829630	2.121037	0.028172
87.890153	2.121006	0.028250
88.950636	2.120981	0.028336
90.011134	2.120957	0.028420
91.071593	2.120924	0.028506
92.132058	2.120896	0.028596
93.192489	2.120854	0.028686
94.252912	2.120819	0.028772
95.313308	2.120802	0.028852
96.373714	2.120801	0.028948
97.434109	2.120697	0.029046
98.494411	2.120594	0.029130
99.554703	2.120625	0.029222
100.615036	2.120643	0.029308
101.675346	2.120619	0.029400
102.735655	2.120585	0.029494
103.795931	2.120547	0.029586
104.856202	2.120519	0.029676
105.916450	2.120506	0.029764
106.976708	2.120484	0.029856
108.036934	2.120448	0.029944
109.097156	2.120421	0.030040
110.157355	2.120400	0.030138
111.217556	2.120370	0.030232
112.277725	2.120346	0.030326
113.337902	2.120318	0.030420
114.398043	2.120296	0.030510
115.458198	2.120268	0.030604
116.518311	2.120231	0.030702
117.578429	2.120202	0.030794
118.638513	2.120174	0.030890
119.698603	2.120150	0.030990
120.758663	2.120123	0.031086
121.818726	2.120095	0.031184
122.878758	2.120069	0.031284
123.938795	2.120039	0.031386
124.998797	2.120027	0.031478
126.058822	2.119999	0.031568
127.118796	2.119944	0.031676
128.178766	2.119899	0.031784
129.238695	2.119880	0.031882
130.298646	2.119857	0.031984
131.358552	2.119835	0.032076
132.418481	2.119822	0.032174
133.478374	2.119778	0.032284
134.538259	2.119755	0.032386
135.598129	2.119742	0.032482
136.658001	2.119715	0.032582
137.717844	2.119776	0.032684
138.777777	2.119628	0.032782
139.837472	2.119575	0.032876
140.897352	2.119576	0.032980
141.957048	2.119465	0.033088
143.016817	2.119533	0.033194
144.076581	2.119502	0.033290
145.136319	2.119469	0.033394
146.196050	2.119419	0.033524
147.255738	2.119368	0.033608
148.315418	2.119381	0.033696
149.375119	2.119342	0.033818
150.434760	2.119266	0.033920
151.494385	2.119272	0.034030
152.554032	2.119332	0.034144
153.613717	2.119325	0.034270
154.673357	2.119248	0.034374
155.732965	2.119217	0.034478
156.792574	2.119236	0.034576
157.852201	2.119206	0.034678
158.911780	2.119127	0.034812
159.971328	2.119052	0.034908
161.030832	2.119079	0.035008
162.090407	2.119093	0.035126
163.149925	2.119063	0.035234
164.209470	2.119046	0.035336
165.268971	2.119013	0.035446
166.328483	2.119000	0.035554
167.387971	2.118966	0.035670
168.447449	2.118909	0.035802
169.506880	2.118874	0.035904
170.566323	2.118852	0.036002
171.625732	2.118837	0.036132
172.685160	2.118824	0.036260
173.744556	2.118797	0.036372
174.803957	2.118754	0.036470
175.863310	2.118729	0.036588
176.922686	2.118722	0.036708
177.982032	2.118697	0.036816
179.041383	2.118706	0.036926
180.100738	2.118592	0.037056
181.159975	2.118579	0.037162
182.219317	2.118654	0.037270
183.278629	2.118579	0.037410
184.337896	2.118581	0.037524
185.397210	2.118578	0.037628
186.456474	2.118527	0.037740
187.515737	2.118502	0.037870
188.574976	2.118480	0.037996
189.634217	2.118458	0.038106
190.693434	2.118436	0.038228
191.752653	2.118412	0.038326
192.811846	2.118392	0.038436
193.871045	2.118366	0.038574
194.930212	2.118371	0.038692
195.989416	2.118362	0.038808
197.048574	2.118321	0.038936
198.107737	2.118298	0.039074
199.166872	2.118281	0.039188
200.226018	2.118259	0.039316
201.285131	2.118248	0.039446
202.344266	2.118231	0.039564
203.403362	2.118221	0.039692
204.462487	2.118197	0.039818
205.521559	2.118156	0.039938
206.580643	2.118137	0.040062
207.639696	2.118129	0.040192
208.698772	2.118111	0.040320
209.757807	2.118084	0.040458
210.816856	2.118053	0.040584
211.875860	2.118025	0.040720
212.934881	2.118013	0.040854
213.993873	2.117999	0.040978
215.052880	2.117968	0.041100
216.111841	2.117952	0.041222
217.170832	2.117955	0.041352
218.229796	2.117937	0.041488
219.288769	2.117934	0.041622
220.347730	2.117930	0.041752
221.406699	2.117895	0.041882
222.465625	2.117866	0.042014
223.524565	2.117840	0.042154
224.583465	2.117819	0.042306
225.642384	2.117808	0.042440
226.701273	2.117799	0.042554
227.760183	2.117780	0.042690
228.819053	2.117750	0.042834
229.877933	2.117743	0.042970
230.936796	2.117711	0.043116
231.995644	2.117675	0.043256
233.054471	2.117675	0.043370
234.113319	2.117628	0.043518
235.172099	2.117607	0.043678
236.230926	2.117598	0.043804
237.289697	2.117585	0.043942
238.348511	2.117586	0.044102
239.407283	2.117559	0.044250
240.466070	2.117557	0.044388
241.524840	2.117549	0.044528
242.583619	2.117537	0.044670
243.642377	2.117531	0.044830
244.701150	2.117491	0.044976
245.759868	2.117478	0.045116
246.818628	2.117459	0.045268
247.877327	2.117444	0.045414
248.936072	2.117481	0.045560
249.994808	2.117437	0.045712
251.053509	2.117380	0.045870
252.112188	2.117395	0.046020
253.170904	2.117367	0.046160
254.229555	2.117299	0.046314
255.288203	2.117316	0.046450
256.346871	2.117349	0.046590
257.405552	2.117333	0.046744
258.464204	2.117288	0.046896
259.522840	2.117256	0.047064
260.581460	2.117248	0.047244
261.640088	2.117228	0.047400
262.698688	2.117233	0.047532
263.757321	2.117230	0.047690
264.815918	2.117223	0.047852
265.874544	2.117188	0.048008
266.933106	2.117157	0.048168
267.991701	2.117139	0.048326
269.050245	2.117121	0.048482
270.108822	2.117148	0.048668
271.167393	2.117136	0.048842
272.225958	2.117114	0.048992
273.284507	2.117004	0.049162
274.342962	2.116995	0.049316
275.401502	2.117078	0.049476
276.460040	2.116964	0.049640
277.518466	2.116998	0.049812
278.577038	2.116945	0.050000
279.635411	2.116868	0.050126
280.693906	2.116994	0.050284
281.752405	2.116983	0.050498
282.810889	2.116902	0.050682
283.869307	2.116864	0.050854
284.927753	2.116788	0.051026
285.986095	2.116714	0.051206
287.044467	2.116564	0.051370
288.102659	2.116494	0.051534
289.160961	2.116651	0.051718
290.219310	2.116673	0.051896
291.277634	2.116588	0.052080
292.335898	2.116347	0.052284
293.393981	2.116050	0.052450
294.451948	2.116265	0.052620
295.510246	2.116500	0.052824
296.568448	2.116451	0.053012
297.626697	2.116537	0.053202
298.684985	2.116561	0.053398
299.743258	2.116559	0.053592
300.801544	2.116556	0.053780
301.859814	2.116493	0.053964
302.918037	2.116484	0.054154
303.976298	2.116437	0.054332
305.034474	2.116379	0.054504
306.092677	2.116349	0.054698
307.150823	2.116298	0.054898
308.208975	2.116272	0.055078
309.267095	2.116216	0.055254
310.325191	2.116178	0.055434
311.383273	2.116175	0.055610
312.441366	2.116145	0.055780
313.499418	2.116125	0.055952
314.557491	2.116137	0.056134
315.615555	2.116055	0.056318
316.673546	2.116065	0.056468
317.731620	2.116092	0.056640
318.789638	2.115968	0.056852
319.847588	2.116072	0.057044
320.905710	2.116166	0.057212
321.963754	2.116146	0.057396
323.021856	2.116003	0.057592
324.079757	2.115877	0.057746
325.137733	2.115864	0.057930
326.195621	2.115834	0.058130
327.253567	2.115886	0.058286
328.311507	2.115944	0.058458
329.369511	2.115923	0.058682
330.427430	2.115868	0.058900
331.485379	2.115851	0.059070
332.543281	2.115830	0.059250
333.601209	2.115802	0.059450
334.659083	2.115781	0.059634
335.716990	2.115803	0.059832
336.774886	2.115773	0.060036
337.832763	2.115708	0.060206
338.890594	2.115713	0.060376
339.948476	2.115714	0.060576
341.006308	2.115700	0.060784
342.064176	2.115687	0.060964
343.121995	2.115658	0.061158
344.179834	2.115652	0.061364
345.237647	2.115661	0.061558
346.295495	2.115612	0.061750
347.353259	2.115614	0.061946
348.411109	2.115617	0.062150
349.468876	2.115541	0.062348
350.526650	2.115521	0.062532
351.584397	2.115545	0.062722
352.642195	2.115544	0.062922
353.699941	2.115534	0.063126
354.757729	2.115480	0.063322
355.815421	2.115447	0.063510
356.873176	2.115451	0.063716
357.930872	2.115439	0.063924
358.988615	2.115403	0.064118
360.046275	2.115277	0.064326
361.103892	2.115284	0.064516
362.161559	2.115393	0.064686
363.219285	2.115427	0.064870
364.276986	2.115443	0.065056
365.334728	2.115333	0.065264
366.392319	2.115271	0.065470
367.449999	2.115356	0.065654
368.507675	2.115286	0.065838
369.565285	2.115206	0.066038
370.622881	2.115293	0.066238
371.680578	2.115254	0.066424
372.738135	2.115120	0.066554
373.795698	2.115187	0.066692
374.853322	2.115233	0.066940
375.910931	2.115237	0.067194
376.968559	2.115258	0.067394
378.026189	2.115232	0.067586
379.083791	2.115096	0.067774
380.141285	2.114892	0.067962
381.198683	2.115031	0.068134
382.256316	2.115231	0.068324
383.313914	2.115185	0.068556
384.371501	2.115355	0.068782
385.429269	2.115157	0.068962
386.486658	2.120273	0.069116
387.549542	2.123860	0.071396
388.610518	2.116221	0.073572
389.665763	2.112655	0.073582
390.723173	2.114784	0.073662
391.780547	2.114786	0.073814
392.837959	2.114727	0.074046
393.895274	2.114695	0.074260
394.952654	2.114720	0.074444
396.009994	2.114727	0.074644
397.067381	2.114735	0.074822
398.124729	2.114818	0.075026
399.182199	2.114912	0.075270
400.239641	2.114713	0.075450
401.296912	2.114417	0.075652
402.354058	2.114500	0.075912
403.411412	2.114675	0.076116
404.468733	2.114665	0.076310
405.526077	2.114656	0.076518
406.583389	2.114644	0.076742
407.640721	2.114622	0.076954
408.698011	2.114630	0.077146
409.755351	2.114629	0.077346
410.812640	2.114625	0.077552
411.869976	2.114618	0.077768
412.927258	2.114579	0.077988
413.984555	2.114552	0.078182
415.041810	2.114584	0.078388
416.099139	2.114592	0.078606
417.156402	2.114548	0.078808
418.213687	2.114530	0.078998
419.270932	2.114545	0.079188
420.328232	2.114543	0.079404
421.385475	2.114524	0.079610
422.442756	2.114505	0.079796
423.499980	2.114491	0.080012
424.557247	2.114492	0.080234
425.614472	2.114480	0.080440
426.671727	2.114453	0.080646
427.728925	2.114426	0.080866
428.786153	2.114458	0.081074
429.843383	2.114446	0.081286
430.900599	2.114384	0.081494
431.957767	2.114391	0.081674
433.014990	2.114402	0.081888
434.072169	2.114393	0.082102
435.129383	2.114372	0.082314
436.186541	2.114342	0.082522
437.243725	2.114333	0.082710
438.300874	2.114337	0.082908
439.358062	2.114319	0.083112
440.415193	2.114300	0.083314
441.472362	2.114310	0.083524
442.529503	2.114306	0.083746
443.586668	2.114282	0.083944
444.643785	2.114253	0.084122
445.700921	2.114253	0.084326
446.758038	2.114269	0.084536
447.815190	2.114263	0.084728
448.872301	2.114255	0.084934
449.929445	2.114253	0.085122
450.986554	2.114240	0.085312
452.043685	2.114214	0.085514
453.100768	2.114196	0.085708
454.157881	2.114192	0.085898
455.214960	2.114187	0.086088
456.272068	2.114174	0.086272
457.329134	2.114172	0.086448
458.386240	2.114160	0.086648
459.443294	2.114144	0.086840
460.500384	2.114149	0.087024
461.557443	2.114153	0.087234
462.614537	2.114143	0.087434
463.671586	2.114111	0.087620
464.728648	2.114100	0.087804
465.785686	2.114121	0.088000
466.842769	2.114125	0.088198
467.899811	2.114116	0.088386
468.956885	2.114106	0.088590
470.013917	2.114109	0.088794
471.070994	2.114100	0.088984
472.128017	2.114075	0.089186
473.185069	2.114069	0.089386
474.242086	2.114075	0.089584
475.299144	2.114071	0.089768
476.356157	2.114064	0.089938
477.413208	2.114059	0.090144
478.470216	2.114046	0.090360
479.527254	2.114038	0.090552
480.584254	2.114024	0.090740
481.641278	2.114027	0.090936
482.698281	2.114032	0.091122
483.755310	2.114025	0.091308
484.812306	2.114036	0.091516
485.869346	2.114036	0.091720
486.926342	2.114009	0.091928
487.983355	2.113991	0.092122
489.040333	2.113998	0.092302
490.097353	2.113986	0.092510
491.154319	2.113968	0.092718
492.211321	2.113972	0.092918
493.268291	2.113975	0.093118
494.325296	2.113964	0.093320
495.382255	2.113965	0.093526
496.439261	2.113961	0.093726
497.496216	2.113939	0.093936
498.553200	2.113919	0.094132
499.610135	2.113924	0.094330
500.667124	2.113918	0.094544
501.724053	2.113908	0.094746
502.781032	2.113906	0.094948
503.837959	2.113889	0.095154
504.894921	2.113876	0.095362
505.951835	2.113861	0.095566
507.008782	2.113844	0.095764
508.065679	2.113853	0.095954
509.122635	2.113873	0.096170
510.179552	2.113859	0.096396
511.236494	2.113831	0.096608
512.293383	2.113830	0.096814
513.350324	2.113848	0.097016
514.407231	2.113836	0.097230
515.464160	2.113812	0.097440
516.521043	2.113807	0.097642
517.577967	2.113820	0.097842
518.634863	2.113807	0.098054
519.691774	2.113796	0.098272
520.748659	2.113822	0.098478
521.805596	2.113823	0.098684
522.862482	2.113809	0.098900
523.919405	2.113795	0.099118
524.976277	2.113797	0.099326
526.033202	2.113793	0.099536
527.090070	2.113776	0.099748
528.146978	2.113788	0.099960
529.203858	2.113807	0.100184
530.260785	2.113793	0.100386
531.317651	2.113765	0.100578
532.374550	2.113762	0.100796
533.431413	2.113758	0.101018
534.488308	2.113748	0.101224
535.545161	2.113746	0.101422
536.602054	2.113743	0.101628
537.658904	2.113733	0.101848
538.715787	2.113723	0.102074
539.772627	2.113723	0.102306
540.829510	2.113715	0.102512
541.886342	2.113706	0.102696
542.943216	2.113721	0.102916
544.000063	2.113722	0.103134
545.056938	2.113697	0.103348
546.113760	2.113687	0.103568
547.170625	2.113689	0.103778
548.227449	2.113688	0.104002
549.284313	2.113674	0.104214
550.341123	2.113667	0.104442
551.397980	2.113695	0.104668
552.454818	2.113680	0.104872
553.511660	2.113656	0.105092
554.568474	2.113658	0.105320
555.625318	2.113643	0.105536
556.682117	2.113637	0.105750
557.738955	2.113643	0.105966
558.795760	2.113644	0.106172
559.852599	2.113638	0.106386
560.909398	2.113636	0.106608
561.966235	2.113631	0.106826
563.023029	2.113620	0.107050
564.079855	2.113596	0.107274
565.136625	2.113585	0.107498
566.193440	2.113590	0.107712
567.250215	2.113604	0.107938
568.307044	2.113610	0.108156
569.363825	2.113608	0.108362
570.420652	2.113602	0.108592
571.477427	2.113588	0.108822
572.534240	2.113570	0.109048
573.590997	2.113548	0.109254
574.647788	2.113557	0.109476
575.704554	2.113563	0.109716
576.761351	2.113545	0.109934
577.818099	2.113551	0.110142
578.874902	2.113572	0.110376
579.931671	2.113568	0.110606
580.988470	2.113532	0.110828
582.045203	2.113504	0.111050
583.101974	2.113496	0.111272
584.158699	2.113506	0.111506
585.215480	2.113513	0.111732
586.272212	2.113531	0.111940
587.329011	2.113547	0.112174
588.385759	2.113521	0.112426
589.442532	2.113481	0.112656
590.499240	2.113470	0.112900
591.556002	2.113487	0.113116
592.612727	2.113485	0.113330
593.669487	2.113469	0.113566
594.726196	2.113460	0.113792
595.782947	2.113468	0.114002
596.839664	2.113473	0.114228
597.896420	2.113451	0.114468
598.953115	2.113434	0.114694
600.009854	2.113432	0.114916
601.066547	2.113427	0.115142
602.123281	2.113427	0.115390
603.179974	2.113437	0.115628
604.236718	2.113433	0.115864
605.293407	2.113409	0.116106
606.350127	2.113385	0.116322
607.406792	2.113386	0.116556
608.463513	2.113402	0.116806
609.520194	2.113396	0.117044
610.576909	2.113383	0.117266
611.633577	2.113379	0.117506
612.690288	2.113360	0.117752
613.746937	2.113350	0.117986
614.803638	2.113352	0.118220
615.860289	2.113359	0.118446
616.916997	2.113359	0.118682
617.973648	2.113349	0.118924
619.030346	2.113333	0.119160
620.086981	2.113320	0.119394
621.143666	2.113342	0.119624
622.200323	2.113347	0.119858
623.257013	2.113336	0.120110
624.313659	2.113329	0.120358
625.370342	2.113318	0.120596
626.426977	2.113311	0.120826
627.483653	2.113297	0.121054
628.540274	2.113284	0.121300
629.596937	2.113288	0.121542
630.653562	2.113301	0.121776
631.710238	2.113308	0.122016
632.766870	2.113309	0.122264
633.823547	2.113299	0.122510
634.880169	2.113287	0.122746
635.936834	2.113289	0.122992
636.993458	2.113277	0.123252
638.050111	2.113260	0.123502
639.106718	2.113265	0.123748
640.163376	2.113273	0.123976
641.219991	2.113277	0.124214
642.276653	2.113266	0.124470
643.333257	2.113255	0.124706
644.389908	2.113254	0.124932
645.446511	2.113249	0.125162
646.503157	2.113250	0.125410
647.559761	2.113247	0.125674
648.616404	2.113233	0.125924
649.672994	2.113226	0.126164
650.729630	2.113216	0.126396
651.786210	2.113209	0.126644
652.842839	2.113208	0.126894
653.899418	2.113204	0.127124
654.956043	2.113205	0.127378
656.012623	2.113200	0.127638
657.069243	2.113193	0.127882
658.125816	2.113191	0.128132
659.182434	2.113199	0.128392
660.239015	2.113201	0.128654
661.295635	2.113180	0.128902
662.352195	2.113168	0.129138
663.408803	2.113173	0.129382
664.465368	2.113168	0.129624
665.521971	2.113163	0.129874
666.578531	2.113165	0.130114
667.635136	2.113166	0.130368
668.691697	2.113169	0.130646
669.748305	2.113164	0.130874
670.804861	2.113161	0.131098
671.861466	2.113164	0.131352
672.918025	2.113162	0.131606
673.974628	2.113140	0.131852
675.031165	2.113126	0.132090
676.087754	2.113145	0.132324
677.144310	2.113148	0.132576
678.200902	2.113125	0.132824
679.257435	2.113135	0.133058
680.314037	2.113120	0.133330
681.370555	2.113089	0.133614
682.427126	2.113102	0.133856
683.483657	2.113104	0.134098
684.540230	2.113072	0.134360
685.596729	2.113060	0.134614
686.653290	2.113067	0.134872
687.709796	2.113068	0.135148
688.766358	2.113067	0.135408
689.822863	2.113059	0.135654
690.879417	2.113077	0.135910
691.935940	2.113047	0.136160
692.992464	2.113042	0.136404
694.048982	2.113068	0.136660
695.105532	2.113051	0.136912
696.162033	2.113075	0.137166
697.218607	2.113071	0.137434
698.275104	2.113046	0.137688
699.331653	2.113046	0.137950
700.388150	2.113038	0.138200
701.444691	2.113031	0.138434
702.501181	2.113024	0.138694
703.557715	2.113026	0.138970
704.614207	2.113044	0.139230
705.670759	2.113030	0.139482
706.727237	2.113002	0.139750
707.783761	2.113001	0.139998
708.840238	2.113004	0.140272
709.896765	2.112995	0.140558
710.953233	2.113006	0.140790
712.009771	2.113023	0.141034
713.066256	2.113019	0.141288
714.122790	2.113014	0.141552
715.179270	2.113001	0.141840
716.235791	2.112976	0.142114
717.292246	2.112961	0.142356
718.348752	2.112957	0.142596
719.405203	2.112966	0.142898
720.461718	2.112964	0.143176
721.518167	2.112941	0.143410
722.574659	2.112936	0.143678
723.631103	2.112944	0.143946
724.687603	2.112940	0.144194
725.744043	2.112932	0.144474
726.800535	2.112921	0.144754
727.856964	2.112917	0.145020
728.913452	2.112904	0.145300
729.969868	2.112898	0.145572
731.026350	2.112928	0.145820
732.082796	2.112929	0.146088
733.139279	2.112894	0.146366
734.195690	2.112873	0.146604
735.252152	2.112866	0.146876
736.308556	2.112857	0.147176
737.365009	2.112854	0.147442
738.421410	2.112872	0.147716
739.477881	2.112881	0.147994
740.534291	2.112871	0.148274
741.590752	2.112860	0.148560
742.647151	2.112850	0.148842
743.703602	2.112856	0.149132
744.760007	2.112842	0.149406
745.816444	2.112841	0.149656
746.872848	2.112861	0.149932
747.929305	2.112869	0.150214
748.985717	2.112877	0.150454
750.042182	2.112878	0.150708
751.098595	2.112867	0.150986
752.155049	2.112827	0.151238
753.211422	2.112828	0.151504
754.267877	2.112843	0.151790
755.324265	2.112823	0.152066
756.380700	2.112808	0.152344
757.437073	2.112801	0.152618
758.493501	2.112809	0.152902
759.549882	2.112822	0.153192
760.606323	2.112827	0.153470
761.662709	2.112808	0.153750
762.719131	2.112792	0.154038
763.775501	2.112800	0.154306
764.831931	2.112815	0.154554
765.888316	2.112806	0.154828
766.944737	2.112778	0.155110
768.001094	2.112791	0.155384
769.057528	2.112808	0.155676
770.113902	2.112783	0.155952
771.170311	2.112761	0.156202
772.226663	2.112773	0.156478
773.283084	2.112792	0.156748
774.339455	2.112778	0.157022
775.395862	2.112767	0.157324
776.452222	2.112772	0.157592
777.508634	2.112764	0.157864
778.564986	2.112748	0.158152
779.621382	2.112753	0.158408
780.677739	2.112752	0.158678
781.734134	2.112729	0.158964
782.790468	2.112721	0.159228
783.846855	2.112720	0.159498
784.903188	2.112730	0.159788
785.959585	2.112747	0.160066
787.015935	2.112754	0.160338
788.072339	2.112746	0.160618
789.128681	2.112718	0.160874
790.185057	2.112677	0.161138
791.241358	2.112660	0.161432
792.297717	2.112666	0.161702
793.354024	2.112683	0.161964
794.410400	2.112716	0.162244
795.466740	2.112739	0.162508
796.523139	2.112716	0.162786
797.579456	2.112701	0.163072
798.635840	2.112702	0.163348
799.692158	2.112658	0.163636
800.748498	2.112647	0.163916
801.804805	2.112688	0.164202
802.861186	2.112673	0.164472
803.917478	2.112640	0.164748
804.973826	2.112650	0.165036
806.030128	2.112653	0.165308
807.086479	2.112638	0.165610
808.142766	2.112641	0.165908
809.199120	2.112638	0.166168
810.255404	2.112625	0.166456
811.311745	2.112631	0.166738
812.368035	2.112631	0.167026
813.424376	2.112599	0.167328
814.480634	2.112588	0.167600
815.536964	2.112604	0.167884
816.593238	2.112612	0.168176
817.649576	2.112610	0.168464
818.705848	2.112609	0.168724
819.762185	2.112606	0.169010
820.818454	2.112584	0.169300
821.874769	2.112590	0.169582
822.931044	2.112607	0.169892
823.987376	2.112600	0.170180
825.043644	2.112598	0.170452
826.099974	2.112606	0.170736
827.156250	2.112591	0.171048
828.212565	2.112583	0.171346
829.268833	2.112582	0.171610
830.325147	2.112583	0.171886
831.381416	2.112582	0.172172
832.437729	2.112564	0.172442
833.493980	2.112568	0.172732
834.550297	2.112583	0.173026
835.606563	2.112587	0.173314
836.662884	2.112576	0.173596
837.719139	2.112556	0.173854
838.775440	2.112552	0.174124
839.831691	2.112553	0.174410
840.887993	2.112571	0.174682
841.944262	2.112574	0.174972
843.000567	2.112540	0.175266
844.056802	2.112558	0.175484
845.113125	2.112576	0.175738
846.169378	2.112561	0.176060
847.225686	2.112553	0.176336
848.281931	2.112536	0.176582
849.338222	2.112545	0.176864
850.394476	2.112541	0.177160
851.450763	2.112533	0.177430
852.507009	2.112539	0.177710
853.563302	2.112530	0.177980
854.619539	2.112542	0.178258
855.675844	2.112564	0.178560
856.732103	2.112550	0.178862
857.788394	2.112516	0.179156
858.844619	2.112507	0.179462
859.900901	2.112533	0.179778
860.957152	2.112548	0.180064
862.013449	2.112519	0.180310
863.069671	2.112491	0.180582
864.125940	2.112507	0.180844
865.182178	2.112534	0.181120
866.238474	2.112531	0.181404
867.294709	2.112526	0.181674
868.351000	2.112518	0.181944
869.407227	2.112488	0.182190
870.463488	2.112501	0.182456
871.519728	2.112525	0.182708
872.576013	2.112509	0.182986
873.632237	2.112476	0.183274
874.688489	2.112473	0.183546
875.744710	2.112509	0.183828
876.800998	2.112510	0.184104
877.857220	2.112489	0.184396
878.913487	2.112463	0.184674
879.969683	2.112469	0.184946
881.025956	2.112504	0.185220
882.082187	2.112521	0.185506
883.138477	2.112534	0.185798
884.194721	2.112537	0.186062
885.251014	2.112499	0.186332
886.307220	2.112473	0.186604
887.363487	2.112476	0.186890
888.419696	2.112494	0.187148
889.475981	2.112503	0.187422
890.532199	2.112495	0.187674
891.588476	2.112507	0.187920
892.644706	2.112490	0.188220
893.700966	2.112453	0.188488
894.757159	2.112477	0.188766
895.813443	2.112533	0.189082
896.869692	2.112510	0.189432
897.925953	2.112481	0.189746
898.982173	2.112481	0.190030
900.038434	2.112457	0.190316
901.094630	2.112430	0.190636
902.150864	2.112440	0.190936
903.207070	2.112481	0.191216
904.263345	2.112490	0.191526
905.319560	2.112610	0.191824
906.375955	2.112849	0.192110
907.432409	2.112771	0.192338
908.488726	2.112574	0.192588
909.544983	2.112823	0.192898
910.601549	2.112756	0.193074
911.657739	2.112079	0.193338
912.713628	2.112064	0.193724
913.769803	2.112398	0.194030
914.826026	2.112367	0.194316
915.882170	2.112360	0.194608
916.938386	2.112311	0.194844
917.994481	2.112346	0.195134
919.050732	2.112547	0.195464
920.107028	2.112495	0.195740
921.163227	2.112349	0.196026
922.219377	2.112350	0.196290
923.275577	2.112348	0.196566
924.331725	2.112387	0.196838
925.387964	2.112392	0.197128
926.444117	2.112399	0.197446
927.500363	2.112377	0.197782
928.556494	2.112355	0.198076
929.612718	2.112432	0.198388
930.668926	2.112476	0.198680
931.725194	2.112426	0.198960
932.781352	2.112361	0.199272
933.837555	2.112369	0.199574
934.893721	2.112395	0.199906
935.949950	2.112370	0.200212
937.006091	2.112358	0.200502
938.062308	2.112411	0.200804
939.118502	2.112423	0.201052
940.174731	2.112362	0.201414
941.230864	2.112317	0.201772
942.287048	2.112281	0.202072
943.343145	2.112308	0.202362
944.399356	2.112391	0.202584
945.455536	2.112443	0.202884
946.511799	2.112305	0.203282
947.567841	2.112146	0.203678
948.623945	2.112390	0.203946
949.680231	2.112534	0.204154
950.736479	2.112287	0.204398
951.792518	2.112139	0.204668
952.848618	2.112191	0.205104
953.904709	2.112548	0.205514
954.961166	2.112590	0.205788
956.017299	2.112312	0.206178
957.073478	2.112292	0.206496
958.129591	2.112391	0.206794
959.185869	2.112413	0.207182
960.242004	2.112172	0.207580
961.298041	2.112289	0.207798
962.354293	2.112391	0.208034
963.410432	2.112285	0.208464
964.466578	2.112236	0.208824
965.522668	2.112276	0.209136
966.578854	2.112362	0.209464
967.635030	2.112141	0.209792
968.690995	2.112150	0.210090
969.747180	2.112395	0.210472
970.803390	2.112465	0.210760
971.859645	2.112372	0.211030
972.915762	2.112285	0.211392
973.971930	2.112349	0.211872
975.028111	2.112343	0.212054
976.084273	2.112269	0.212222
977.140380	2.112282	0.212688
978.196555	2.112317	0.212978
979.252697	2.112364	0.213234
980.308919	2.112320	0.213534
981.365017	2.112283	0.213858
982.421202	2.112347	0.214168
983.477364	2.112329	0.214488
984.533531	2.112355	0.214862
985.589719	2.112548	0.215238
986.646079	2.112249	0.215486
987.701968	2.112046	0.215804
988.758125	2.112374	0.216074
989.814342	2.112294	0.216324
990.870419	2.112201	0.216714
991.926543	2.112385	0.216934
992.982804	2.112385	0.217180
994.038928	2.112295	0.217640
995.095099	2.112372	0.217934
996.151300	2.112268	0.218276
997.207367	2.112294	0.218614
998.263594	2.112457	0.218872
999.319824	2.112279	0.219188
1000.375873	2.112227	0.219494
1001.432051	2.112256	0.219862
1002.488129	2.112315	0.220102
1003.544366	2.112278	0.220352
1004.600407	2.112254	0.220726
1005.656620	2.112338	0.220996
1006.712745	2.112360	0.221266
1007.768980	2.112445	0.221580
1008.825190	2.112395	0.221920
1009.881375	2.112267	0.222278
1010.937457	2.112280	0.222614
1011.993655	2.112270	0.222858
1013.049727	2.112244	0.223242
1014.105899	2.112291	0.223650
1015.162018	2.112235	0.223920
1016.218134	2.112229	0.224280
1017.274247	2.112275	0.224570
1018.330409	2.112318	0.224866
1019.386565	2.112313	0.225166
1020.442722	2.112362	0.225472
1021.498927	2.112402	0.225846
1022.555124	2.112265	0.226144
1023.611192	2.112221	0.226452
1024.667345	2.112150	0.226798
1025.723342	2.112157	0.227040
1026.779502	2.112338	0.227384
1027.835680	2.112352	0.227832
1028.891854	2.112219	0.228136
1029.947899	2.112154	0.228402
1031.004008	2.112197	0.228708
1032.060096	2.112254	0.229016
1033.116262	2.112258	0.229352
1034.172354	2.112267	0.229664
1035.228529	2.112284	0.229994
1036.284638	2.112227	0.230336
1037.340756	2.112257	0.230636
1038.396895	2.112265	0.230946
1039.453021	2.112259	0.231250
1040.509154	2.112297	0.231588
1041.565318	2.112152	0.231932
1042.621306	2.112172	0.232296
1043.677490	2.112292	0.232656
1044.733598	2.112295	0.232972
1045.789785	2.112281	0.233298
1046.845879	2.112307	0.233634
1047.902092	2.112258	0.233976
1048.958137	2.112174	0.234330
1050.014266	2.112210	0.234652
1051.070347	2.112287	0.234974
1052.126553	2.112339	0.235382
1053.182686	2.112286	0.235728
1054.238839	2.112072	0.236062
1055.294758	2.112068	0.236416
1056.350907	2.112427	0.236706
1057.407185	2.112539	0.237098
1058.463446	2.112285	0.237412
1059.519470	2.112086	0.237708
1060.575532	2.112142	0.238148
1061.631612	2.112286	0.238500
1062.687818	2.112288	0.238756
1063.743900	2.112248	0.239088
1064.800066	2.112227	0.239448
1065.856127	2.112176	0.239818
1066.912242	2.112140	0.240244
1067.968267	2.112127	0.240586
1069.024369	2.112206	0.240942
1070.080473	2.112243	0.241298
1071.136612	2.112220	0.241644
1072.192693	2.112275	0.241982
1073.248887	2.112196	0.242338
1074.304889	2.112108	0.242738
1075.360995	2.112204	0.243150
1076.417093	2.112180	0.243550
1077.473175	2.112191	0.243866
1078.529284	2.112308	0.244112
1079.585483	2.112211	0.244506
1080.641495	2.112164	0.244938
1081.697647	2.112205	0.245246
1082.753700	2.112183	0.245584
1083.809830	2.112209	0.245956
1084.865909	2.112184	0.246334
1085.922014	2.112111	0.246708
1086.978020	2.112133	0.247124
1088.034147	2.112260	0.247470
1089.090280	2.112350	0.247796
1090.146497	2.112235	0.248202
1091.202515	2.112154	0.248570
1092.258651	2.112173	0.248918
1093.314688	2.112147	0.249300
1094.370798	2.112200	0.249660
1095.426888	2.112203	0.250036
1096.483001	2.112208	0.250406
1097.539096	2.112187	0.250740
1098.595188	2.112158	0.251116
1099.651254	2.112137	0.251448
1100.707325	2.112152	0.251818
1101.763406	2.112269	0.252196
1102.819594	2.112290	0.252592
1103.875696	2.112636	0.252936
1104.932230	2.111782	0.254068
1105.987478	2.111799	0.253944
1107.044029	2.112609	0.253442
1108.100087	2.112143	0.254378
1109.156172	2.111948	0.255004
1110.212035	2.111740	0.255398
1111.267912	2.112034	0.255672
1112.324069	2.112307	0.256054
1113.380219	2.112144	0.256246
1114.436213	2.112217	0.256542
1115.492436	2.112281	0.256940
1116.548494	2.112408	0.257308
1117.604844	2.112721	0.257816
1118.661215	2.112519	0.258450
1119.717363	2.111699	0.258942
1120.772914	2.111445	0.259272
1121.828808	2.112277	0.259324
1122.885191	2.112853	0.259594
1123.941661	2.112467	0.260358
1124.997658	2.111919	0.261100
1126.053580	2.111573	0.261692
1127.109231	2.111514	0.261722
1128.165094	2.112111	0.261984
1129.221342	2.112650	0.262444
1130.277744	2.112734	0.262776
1131.334076	2.112297	0.263412
1132.390041	2.111635	0.263914
1133.445711	2.111953	0.264066
1134.501994	2.112285	0.264340
1135.557996	2.112130	0.264776
1136.614124	2.112247	0.265056
1137.670243	2.112063	0.265494
1138.726187	2.112041	0.265866
1139.782284	2.112433	0.266036
1140.838620	2.112329	0.266376
1141.894613	2.111841	0.266982
1142.950461	2.111464	0.267590
1144.006077	2.111684	0.267950
1145.062145	2.112431	0.268054
1146.118508	2.112989	0.268148
1147.175134	2.112924	0.268740
1148.231432	2.112280	0.269428
1149.287414	2.111638	0.269808
1150.343070	2.111776	0.270104
1151.399190	2.112490	0.270424
1152.455560	2.112495	0.270848
1153.511685	2.111760	0.271334
1154.567320	2.111846	0.271456
1155.623531	2.112259	0.271546
1156.679579	2.112057	0.272130
1157.735588	2.111947	0.272696
1158.791526	2.111856	0.273092
1159.847444	2.112553	0.273200
1160.904079	2.112747	0.273366
1161.960191	2.111560	0.274002
1163.015639	2.111713	0.274438
1164.071904	2.112489	0.274704
1165.128128	2.112423	0.275324
1166.184327	2.112472	0.275850
1167.240600	2.112429	0.276096
1168.296756	2.111789	0.276444
1169.352389	2.111853	0.277114
1170.408609	2.112253	0.277474
1171.464642	2.111959	0.277696
1172.520568	2.112292	0.278176
1173.576934	2.112412	0.278648
1174.632980	2.111795	0.278888
1175.688729	2.111893	0.279570
1176.744873	2.112106	0.280186
1177.800835	2.111692	0.280126
1178.856565	2.111966	0.279970
1179.912801	2.112353	0.280438
1180.968918	2.111830	0.280676
1182.024631	2.111694	0.280938
1183.080612	2.111544	0.281924
1184.136175	2.111648	0.282502
1185.192260	2.112166	0.283072
1186.248341	2.112661	0.284058
1187.304921	2.112921	0.284130
1188.361262	2.112223	0.283624
1189.417144	2.111664	0.284040
1190.472926	2.111847	0.284356
1191.528991	2.111842	0.284966
1192.584768	2.111902	0.285500
1193.640893	2.112244	0.285770
1194.697012	2.112482	0.286088
1195.753375	2.112325	0.286350
1196.809337	2.112009	0.286858
1197.865384	2.112034	0.287448
1198.921371	2.112161	0.287714
1199.977545	2.112187	0.287962
1201.033558	2.112025	0.288464
1202.089570	2.112120	0.288864
1203.145678	2.112080	0.289216
1204.201650	2.111778	0.289512
1205.257456	2.111699	0.289872
1206.313349	2.111853	0.290414
1207.369309	2.112062	0.291010
1208.425411	2.112522	0.291338
1209.481831	2.112925	0.291506
1210.538336	2.112471	0.291800
1211.594302	2.112070	0.292388
1212.650406	2.112022	0.292920
1213.706324	2.111906	0.293424
1214.762312	2.111726	0.293912
1215.818050	2.111799	0.294124
1216.874111	2.112021	0.294446
1217.930071	2.112277	0.294714
1218.986388	2.112300	0.295188
1220.042371	2.111904	0.295978
1221.098292	2.111791	0.296420
1222.154162	2.111973	0.296636
1223.210265	2.112450	0.297246
1224.266612	2.112393	0.297924
1225.322658	2.111637	0.298476
1226.378249	2.111528	0.298890
1227.434186	2.111976	0.299180
1228.490225	2.112450	0.299614
1229.546636	2.112728	0.299916
1230.602953	2.112342	0.300578
1231.658978	2.111693	0.301488
1232.714646	2.111422	0.301936
1233.770400	2.111623	0.302200
1234.826269	2.112168	0.302510
1235.882568	2.112472	0.303060
1236.938741	2.112183	0.303622
1237.994751	2.112105	0.304390
1239.050846	2.112332	0.305092
1240.107083	2.111819	0.305578
1241.162665	2.111615	0.305766
1242.218698	2.112180	0.305556
1243.274845	2.111891	0.306186
1244.330589	2.111837	0.307170
1245.386682	2.112041	0.307576
1246.442630	2.111992	0.308016
1247.498674	2.112177	0.308624
1248.554807	2.112123	0.309130
1249.610797	2.111974	0.309530
1250.666781	2.112032	0.309882
1251.722829	2.112192	0.310518
1252.778973	2.112116	0.311166
1253.834945	2.111768	0.311302
1254.890741	2.111899	0.311274
1255.946844	2.112637	0.311704
1257.003378	2.112671	0.312228
1258.059515	2.112278	0.312722
1259.115656	2.112155	0.313292
1260.171670	2.111812	0.313728
1261.227468	2.111577	0.314292
1262.283247	2.112083	0.314758
1263.339551	2.112383	0.315146
1264.395630	2.112025	0.315780
1265.451576	2.111902	0.316340
1266.507532	2.111865	0.316756
1267.563441	2.110996	0.317154
1268.618528	2.112269	0.317292
1269.675710	2.113387	0.317544
1270.731915	2.111417	0.318442
1271.787127	2.111263	0.318662
1272.843178	2.112071	0.318572
1273.899198	2.112259	0.318884
1274.955437	2.112427	0.319622
1276.011625	2.112099	0.320626
1277.067536	2.112110	0.320972
1278.123735	2.112274	0.321110
1279.179810	2.111722	0.321420
1280.235457	2.111657	0.322006
1281.291467	2.112095	0.322514
1282.347552	2.111927	0.322756
1283.403394	2.112048	0.323160
1284.459600	2.112233	0.323772
1285.515627	2.112039	0.324162
1286.571639	2.111977	0.324582
1287.627604	2.112072	0.325180
1288.683711	2.112071	0.325502
1289.739675	2.112039	0.325834
1290.795750	2.112028	0.326356
1291.851703	2.112158	0.326886
1292.907908	2.112342	0.327672
1293.964045	2.111721	0.328130
1295.019629	2.111233	0.328394
1296.075278	2.112398	0.328868
1297.132027	2.112787	0.329602
1298.188065	2.112075	0.330174
1299.244102	2.112033	0.330736
1300.300098	2.111875	0.331180
1301.355977	2.111811	0.331182
1302.411909	2.112018	0.331494
1303.467995	2.112082	0.331934
1304.523991	2.111962	0.332438
1305.579957	2.111970	0.332970
1306.635961	2.111618	0.333246
1307.691575	2.112022	0.333442
1308.747983	2.112023	0.333974
1309.803598	2.111776	0.334516
1310.859759	2.112226	0.334970
1311.915824	2.112114	0.335596
1312.971873	2.112096	0.336042
1314.027920	2.112002	0.336380
1315.083875	2.112038	0.336850
1316.139958	2.112023	0.337300
1317.195898	2.112010	0.337752
1318.251968	2.112027	0.338248
1319.307925	2.111993	0.338710
1320.363961	2.112010	0.339166
1321.419935	2.112027	0.339618
1322.475988	2.112004	0.340080
1323.531939	2.111964	0.340618
1324.587952	2.111950	0.341076
1325.643889	2.111964	0.341490
1326.699916	2.111953	0.341924
1327.755842	2.111972	0.342336
1328.811888	2.111992	0.342856
1329.867834	2.112064	0.343404
1330.923952	2.112038	0.343928
1331.979872	2.111914	0.344356
1333.035866	2.111999	0.344768
1334.091871	2.112080	0.345310
1335.147946	2.112029	0.345788
1336.203900	2.112018	0.346188
1337.259964	2.112003	0.346712
1338.315903	2.111975	0.347278
1339.371939	2.111999	0.347774
1340.427902	2.112023	0.348244
1341.483962	2.111995	0.348708
1342.539897	2.111985	0.349102
1343.595947	2.112016	0.349490
1344.651913	2.112056	0.350026
1345.708003	2.112019	0.350582
1346.763932	2.111951	0.351016
1347.819954	2.111919	0.351400
1348.875851	2.111944	0.351910
1349.931898	2.112025	0.352492
1350.987876	2.111992	0.353004
1352.043890	2.111893	0.353456
1353.099769	2.112036	0.353786
1354.155926	2.111960	0.354224
1355.211729	2.111729	0.354850
1356.267655	2.111921	0.355354
1357.323650	2.112159	0.355812
1358.379814	2.112081	0.356344
1359.435731	2.111822	0.356822
1360.491636	2.112001	0.357220
1361.547732	2.112163	0.357900
1362.603799	2.111913	0.358450
1363.659645	2.111862	0.358794
1364.715661	2.111820	0.359374
1365.771465	2.112016	0.359730
1366.827677	2.112046	0.360258
1367.883511	2.111965	0.360954
1368.939642	2.112088	0.361436
1369.995599	2.111873	0.362098
1371.051515	2.111927	0.362710
1372.107526	2.112026	0.363024
1373.163541	2.111884	0.363558
1374.219410	2.111865	0.364280
1375.275406	2.111889	0.364808
1376.331299	2.111938	0.365358
1377.387344	2.111884	0.365996
1378.443183	2.111892	0.366486
1379.499236	2.112035	0.366884
1380.555218	2.111878	0.367492
1381.611114	2.111802	0.368184
1382.667020	2.111928	0.368792
1383.723042	2.111919	0.369300
1384.778939	2.111892	0.369826
1385.834934	2.111862	0.370364
1386.890801	2.112050	0.370838
1387.946984	2.111925	0.371388
1389.002726	2.111785	0.371940
1390.058769	2.111921	0.372618
1391.114647	2.111779	0.373262
1392.170548	2.111810	0.373708
1393.226457	2.111900	0.374174
1394.282448	2.112018	0.374748
1395.338475	2.112148	0.375302
1396.394596	2.112087	0.375916
1397.450562	2.112007	0.376520
1398.506603	2.111852	0.377114
1399.562414	2.111765	0.377740
1400.618368	2.111833	0.378316
1401.674247	2.111892	0.378770
1402.730260	2.112017	0.379156
1403.786264	2.111999	0.379772
1404.842259	2.111858	0.380310
1405.898122	2.112017	0.380568
1406.954276	2.111887	0.381288
1408.010009	2.111785	0.382178
1409.066061	2.111985	0.382782
1410.121994	2.112031	0.383292
1411.178092	2.111975	0.383884
1412.233969	2.111914	0.384434
1413.290006	2.111919	0.384888
1414.345888	2.111928	0.385476
1415.401934	2.111923	0.386060
1416.457811	2.111897	0.386546
1417.513831	2.111961	0.387054
1418.569772	2.111942	0.387608
1419.625773	2.111880	0.388142
1420.681652	2.111949	0.388664
1421.737722	2.111986	0.389220
1422.793638	2.111895	0.389792
1423.849617	2.111832	0.390310
1424.905470	2.111913	0.390872
1425.961530	2.111983	0.391412
1427.017453	2.111943	0.391878
1428.073473	2.111929	0.392486
1429.129382	2.111946	0.393192
1430.185419	2.111910	0.393706
1431.241292	2.111911	0.394152
1432.297330	2.111907	0.394760
1433.353199	2.111867	0.395290
1434.409197	2.111842	0.395766
1435.465041	2.111814	0.396330
1436.521011	2.111774	0.396830
1437.576815	2.111937	0.397258
1438.632948	2.111976	0.397932
1439.688791	2.111876	0.398634
1440.744824	2.111838	0.399112
1441.800629	2.111746	0.399502
1442.856570	2.111845	0.399980
1443.912474	2.111897	0.400708
1444.968467	2.111808	0.401262
1446.024282	2.113349	0.401480
1447.081816	2.112770	0.403148
1448.137052	2.110971	0.404652
1449.192787	2.111447	0.404730
1450.248499	2.111762	0.404686
1451.304549	2.112043	0.404786
1452.360542	2.111803	0.405396
1453.416352	2.111542	0.406032
1454.472084	2.112019	0.406576
1455.528371	2.112131	0.406746
1456.584215	2.111758	0.407250
1457.640129	2.111759	0.408306
1458.695974	2.111944	0.409108
1459.752073	2.112097	0.409898
1460.808071	2.111848	0.409894
1461.863921	2.111590	0.410238
1462.919661	2.111843	0.411430
1463.975764	2.111885	0.411924
1465.031546	2.111801	0.412320
1466.087565	2.112018	0.412966
1467.143564	2.111885	0.413596
1468.199450	2.111586	0.414224
1469.255150	2.111811	0.414832
1470.311261	2.111890	0.415390
1471.367040	2.111788	0.416104
1472.423049	2.112009	0.416818
1473.479049	2.112116	0.417242
1474.535165	2.111868	0.417710
1475.590917	2.111671	0.418362
1476.646836	2.111713	0.419096
1477.702630	2.111701	0.419604
1478.758537	2.111950	0.419958
1479.814580	2.112223	0.420696
1480.870760	2.111931	0.421432
1481.926511	2.111774	0.422078
1482.982534	2.111787	0.422776
1484.038298	2.111733	0.423364
1485.094267	2.111892	0.423946
1486.150190	2.111950	0.424476
1487.206217	2.111889	0.424982
1488.262079	2.111783	0.425550
1489.318000	2.111731	0.426304
1490.373810	2.111929	0.426944
1491.429929	2.112017	0.427362
1492.485827	2.111885	0.427890
1493.541814	2.111805	0.428596
1494.597632	2.111821	0.429316
1495.653635	2.111860	0.430038
1496.709492	2.111939	0.430672
1497.765574	2.111948	0.431216
1498.821440	2.111897	0.431852
1499.877471	2.111902	0.432534
1500.933342	2.111876	0.433040
1501.989347	2.111882	0.433618
1503.045224	2.111881	0.434408
1504.101228	2.111611	0.435076
1505.156835	2.111787	0.435862
1506.213015	2.112757	0.436474
1507.269592	2.111631	0.436752
1508.324646	2.111240	0.437236
1509.380832	2.112505	0.437560
1510.437151	2.112046	0.438058
1511.492878	2.111597	0.438908
1512.548748	2.111491	0.439412
1513.604369	2.111754	0.440158
1514.660502	2.112155	0.440912
1515.716524	2.111734	0.441348
1516.772236	2.111648	0.441864
1517.828172	2.111904	0.442404
1518.884140	2.111846	0.443140
1519.940018	2.111788	0.443720
1520.995928	2.111808	0.444072
1522.051826	2.111827	0.444576
1523.107755	2.111595	0.445722
1524.163421	2.111696	0.446398
1525.219451	2.112209	0.446674
1526.275630	2.113030	0.447264
1527.332481	2.111949	0.448310
1528.387579	2.111370	0.449438
1529.443851	2.112062	0.450126
1530.499641	2.111343	0.450562
1531.555194	2.111492	0.450996
1532.611133	2.111816	0.451718
1533.667010	2.111730	0.452416
1534.722863	2.111926	0.453030
1535.778936	2.111919	0.453496
1536.834782	2.111788	0.453968
1537.890724	2.111719	0.454648
1538.946501	2.112046	0.455474
1540.002770	2.112092	0.456224
1541.058593	2.111701	0.456862
1542.114471	2.111747	0.457450
1543.170340	2.112181	0.458076
1544.226652	2.112223	0.459120
1545.282563	2.111791	0.460202
1546.338443	2.111658	0.460546
1547.394221	2.111663	0.460882
1548.450106	2.111842	0.461488
1549.506063	2.111984	0.462026
1550.562090	2.111912	0.462708
1551.617975	2.111855	0.463222
1552.673945	2.111679	0.463854
1553.729654	2.111486	0.464880
1554.785431	2.111487	0.465510
1555.841141	2.112000	0.465938
1556.897431	2.112049	0.466766
1557.953190	2.112073	0.467468
1559.009504	2.111108	0.468680
1560.064298	2.110675	0.469648
1561.120179	2.112474	0.469094
1562.176772	2.113645	0.469184
1563.233824	2.111874	0.471152
1564.288646	2.110921	0.472636
1565.344745	2.111930	0.473270
1566.400576	2.111705	0.474292
1567.456450	2.111688	0.474820
1568.512264	2.111833	0.475488
1569.568283	2.111737	0.476342
1570.624001	2.111819	0.476654
1571.680102	2.111760	0.477704
1572.735761	2.111741	0.478438
1573.791843	2.111833	0.478986
1574.847594	2.111718	0.479996
1575.903561	2.111744	0.480670
1576.959338	2.111635	0.481256
1578.015196	2.111786	0.482256
1579.071124	2.111801	0.483108
1580.126997	2.112286	0.483794
1581.183410	2.112338	0.484616
1582.239335	2.111187	0.485182
1583.294597	2.111155	0.485694
1584.350490	2.111792	0.486120
1585.406389	2.112067	0.486954
1586.462557	2.111743	0.488186
1587.518132	2.111661	0.489188
1588.574218	2.111921	0.489896
1589.630053	2.111853	0.490406
1590.686071	2.111915	0.491274
1591.741968	2.111880	0.492132
1592.797951	2.111668	0.492630
1593.853636	2.111701	0.493512
1594.909652	2.111914	0.494432
1595.965550	2.112029	0.494952
1597.021681	2.111721	0.495270
1598.077271	2.111465	0.496002
1599.133146	2.111747	0.497252
1600.189018	2.111857	0.498124
1601.245003	2.111765	0.498754
1602.300783	2.111604	0.499354
1603.356607	2.111627	0.499910
1604.412410	2.111778	0.500588
1605.468385	2.111999	0.501262
1606.524409	2.112079	0.501746
1607.580464	2.111801	0.502420
1608.636210	2.111779	0.503304
1609.692243	2.111556	0.504194
1610.747766	2.111464	0.504992
1611.803707	2.111709	0.505802
1612.859475	2.111794	0.506314
1613.915501	2.111816	0.506974
1614.971291	2.111869	0.507846
1616.027370	2.111861	0.508440
1617.083152	2.111832	0.509216
1618.139202	2.111764	0.510196
1619.194916	2.111733	0.511100
1620.250935	2.111746	0.511950
1621.306662	2.111521	0.512824
1622.362456	2.111483	0.513828
1623.418145	2.111853	0.514514
1624.474309	2.112222	0.514846
1625.530367	2.112107	0.515306
1626.586416	2.111544	0.516416
1627.641911	2.111513	0.517362
1628.697929	2.111778	0.517802
1629.753689	2.111938	0.518742
1630.809867	2.111549	0.519806
1631.865238	2.111564	0.520384
1632.921431	2.112128	0.520910
1633.977366	2.111573	0.521932
1635.033004	2.111496	0.522564
1636.088862	2.111969	0.522696
1637.144973	2.111818	0.523434
1638.200680	2.111710	0.524404
1639.256683	2.111728	0.525226
1640.312408	2.111512	0.525624
1641.368195	2.111256	0.526350
1642.423664	2.111455	0.528088
1643.479650	2.112130	0.528852
1644.535794	2.112384	0.528908
1645.592034	2.111871	0.529964
1646.647665	2.111609	0.531102
1647.703643	2.111842	0.531962
1648.759507	2.111691	0.532090
1649.815334	2.111696	0.532624
1650.871203	2.111932	0.533710
1651.927266	2.111521	0.534536
1652.982724	2.111940	0.535356
1654.039206	2.112130	0.536560
1655.094854	2.111492	0.537216
1656.150698	2.111490	0.537484
1657.206344	2.111648	0.538592
1658.262346	2.111780	0.539908
1659.318124	2.111721	0.540552
1660.374067	2.111621	0.541034
1661.429745	2.111971	0.541830
1662.486038	2.111837	0.542728
1663.541582	2.111510	0.543732
1664.597548	2.111599	0.545136
1665.653181	2.111617	0.545822
1666.709165	2.111758	0.546730
1667.764939	2.111719	0.547954
1668.820884	2.111751	0.548256
1669.876690	2.111868	0.549036
1670.932752	2.111706	0.550020
1671.988396	2.111535	0.550976
1673.044287	2.111643	0.551498
1674.100039	2.112058	0.552094
1675.156345	2.111635	0.553566
1676.211674	2.111323	0.554320
1677.267668	2.112059	0.555176
1678.323733	2.111937	0.556178
1679.379605	2.111358	0.556926
1680.435091	2.111481	0.558278
1681.491086	2.111951	0.559268
1682.547042	2.112044	0.559440
1683.603130	2.111444	0.560344
1684.658486	2.111617	0.561700
1685.714747	2.111800	0.562902
1686.770286	2.111565	0.563796
1687.826312	2.111839	0.564388
1688.882125	2.112301	0.565438
1689.938613	2.111856	0.566890
1690.993981	2.111030	0.568078
1692.049643	2.111868	0.568746
1693.105849	2.112053	0.569202
1694.161696	2.111627	0.569968
1695.217476	2.111814	0.570848
1696.273510	2.111792	0.571804
1697.329268	2.111808	0.572588
1698.385318	2.111698	0.573452
1699.440966	2.111991	0.574456
1700.497309	2.111168	0.575714
1701.552134	2.111469	0.577576
1702.608778	2.112047	0.579724
1703.664181	2.111483	0.581478
1704.720261	2.112185	0.583118
1705.776366	2.111961	0.583676
1706.832222	2.111659	0.582580
1707.888025	2.111649	0.582190
1708.943871	2.111917	0.583526
1709.999942	2.111906	0.584608
1711.055777	2.110518	0.586234
1712.110460	2.110966	0.587792
1713.166743	2.112629	0.588914
1714.223089	2.111689	0.589166
1715.278432	2.110055	0.588608
1716.333144	2.111252	0.590056
1717.389684	2.111701	0.592952
1718.444845	2.111175	0.594690
1719.500859	2.111363	0.596046
1720.556208	2.111525	0.597888
1721.612384	2.112793	0.599068
1722.669001	2.113215	0.599242
1723.725599	2.112534	0.599554
1724.781535	2.111946	0.600514
1725.837545	2.110841	0.603670
1726.892376	2.110379	0.606500
1727.947924	2.111456	0.606212
1729.003832	2.112853	0.605352
1730.060777	2.112152	0.606962
1731.115984	2.110301	0.609484
1732.171078	2.110348	0.610236
1733.226332	2.111825	0.610648
1734.282903	2.112731	0.611294
1735.339063	2.112028	0.612614
1736.394931	2.111476	0.614550
1737.450539	2.112548	0.615034
1738.507479	2.112648	0.615290
1739.563187	2.112500	0.616730
1740.619979	2.111680	0.620722
1741.674867	2.110569	0.623854
1742.730548	2.111117	0.625424
1743.785984	2.111700	0.627232
1744.842248	2.111498	0.628892
1745.897482	2.110778	0.630028
1746.953026	2.111047	0.630328
1748.008529	2.111367	0.631238
1749.064393	2.112702	0.631702
1750.121231	2.114192	0.631914
1751.178585	2.112246	0.634410
1752.233477	2.109827	0.636830
1753.288412	2.110654	0.637572
1754.344131	2.111304	0.637426
1755.399716	2.111492	0.637088
1756.455623	2.112688	0.636630
1757.512404	2.112062	0.637804
1758.567685	2.111534	0.640430
1759.623938	2.111169	0.642644
1760.678854	2.111549	0.644484
1761.735487	2.112607	0.646382
1762.791461	2.112146	0.646674
1763.847633	2.112099	0.647654
1764.903560	2.112254	0.650324
1765.959887	2.111777	0.652942
1767.015337	2.112414	0.654102
1768.072301	2.112435	0.655990
1769.127772	2.110698	0.656732
1770.182999	2.109881	0.658302
1771.237653	2.109483	0.661098
1772.292482	2.112888	0.658448
1773.350541	2.113751	0.657042
1774.406233	2.110861	0.659634
1775.461402	2.110922	0.660944
1776.517155	2.111377	0.661526
1777.572779	2.112015	0.662406
1778.629170	2.111963	0.664012
1779.684742	2.111921	0.665340
1780.741091	2.111703	0.666946
1781.796445	2.111849	0.668378
1782.852940	2.111853	0.670196
1783.908298	2.111578	0.671860
1784.964518	2.111759	0.673400
1786.020057	2.112041	0.674646
1787.076559	2.111785	0.676474
1788.131842	2.111342	0.678340
1789.187901	2.111249	0.680158
1790.243091	2.111880	0.681818
1791.299781	2.112365	0.684250
1792.355456	2.112276	0.686040
1793.412057	2.111927	0.687982
1794.467383	2.111636	0.689590
1795.523693	2.111434	0.691242
1796.578817	2.112588	0.692346
1797.636281	2.112667	0.695258
1798.691484	2.111123	0.697648
1799.747404	2.111574	0.699112
1800.803058	2.112179	0.700612
1801.859583	2.111580	0.702914
1802.914638	2.111357	0.705384
1803.970940	2.111901	0.707400
1805.026539	2.112230	0.708446
1806.083170	2.111242	0.710608
1807.137781	2.112725	0.713062
1808.195895	2.110185	0.717690
1809.247966	2.314381	0.718260
1810.510276	3.165999	1.123304
1812.413965	4.014181	1.540946
1814.524457	4.222494	1.542282
1816.636459	4.224196	1.543350
1818.748653	4.223600	1.546070
1820.860059	4.222131	1.547410
1822.970784	4.222501	1.552508
1825.082560	4.224349	1.555736
1827.195133	4.224213	1.554654
1829.306773	4.223304	1.555822
1831.418437	4.223507	1.556686
1833.530280	4.223435	1.558012
1835.641872	4.223128	1.559724
1837.753408	4.223015	1.560664
1839.864887	4.223035	1.560978
1841.976443	4.223331	1.563106
1844.088218	4.223441	1.566096
1846.199884	4.223407	1.567552
1848.311625	4.223501	1.569038
1850.423385	4.223615	1.569802
1852.535240	4.223439	1.571336
1854.646824	4.222878	1.573596
1856.758118	4.223069	1.575032
1858.869893	4.223490	1.576086
1860.981608	4.223042	1.577604
1863.092935	4.223030	1.579354
1865.204638	4.223557	1.580416
1867.316492	4.223446	1.581672
1869.428084	4.223110	1.583188
1871.539602	4.223136	1.584776
1873.651220	4.223152	1.586604
1875.762754	4.222952	1.588596
1877.874172	4.223069	1.590052
1879.985823	4.223480	1.590918
1882.097652	4.223623	1.592380
1884.209446	4.223431	1.594092
1886.321083	4.222161	1.595918
1888.431607	4.222298	1.595494
1890.543381	4.224485	1.593626
1892.656092	4.224262	1.595064
1894.767643	4.223386	1.597654
1896.879478	4.223626	1.598576
1898.991269	4.222875	1.598242
1901.102353	4.222204	1.598330
1903.213473	4.222540	1.599858
1905.324893	4.223042	1.603242
1907.436515	4.223223	1.604746
1909.548116	4.222891	1.606640
1911.659406	4.223029	1.609616
1913.771145	4.223624	1.610398
1915.883030	4.223345	1.611884
1917.994490	4.223115	1.613692
1920.106145	4.223548	1.615290
1922.218038	4.223454	1.616948
1924.329599	4.223896	1.618462
1926.441934	4.224514	1.616924
1928.554113	4.223800	1.616914
1930.665734	4.222384	1.623460
1932.776497	4.222357	1.629530
1934.888091	4.223539	1.632458
1937.000036	4.222666	1.634960
1939.110757	4.222267	1.637490
1941.222303	4.223220	1.639694
1943.333977	4.222747	1.641854
1945.445050	4.222722	1.643324
1947.556699	4.223653	1.644666
1949.668703	4.223462	1.646810
1951.780161	4.223044	1.648614
1953.891747	4.223109	1.650178
1956.003270	4.223124	1.652192
1958.114871	4.222591	1.654454
1960.225861	4.222614	1.655638
1962.337485	4.223720	1.657090
1964.449581	4.223467	1.659406
1966.560952	4.222994	1.661476
1968.672575	4.223252	1.663406
1970.784204	4.223087	1.665292
1972.895662	4.223061	1.666904
1975.007265	4.223390	1.668650
1977.119052	4.223467	1.670720
1979.230732	4.223187	1.672744
1981.342239	4.223045	1.675006
1983.453777	4.223184	1.676970
1985.565423	4.223255	1.678626
1987.677032	4.223235	1.680232
1989.788658	4.223197	1.682064
1991.900229	4.223078	1.684070
1994.011736	4.223020	1.686132
1996.123249	4.222717	1.688054
1998.234453	4.222431	1.689378
2000.345680	4.222783	1.690728
2002.457236	4.223157	1.692848
2004.568837	4.223182	1.695134
2006.680418	4.223264	1.697488
2008.792101	4.223377	1.700270
2010.903795	4.223294	1.702346
2013.015395	4.223176	1.704122
2015.126971	4.223156	1.706326
2017.238551	4.222944	1.708590
2019.349915	4.223087	1.709982
2021.461638	4.224120	1.709008
2023.574035	4.224303	1.709986
2025.685941	4.223193	1.714190
2027.797228	4.222485	1.716440
2029.908426	4.222605	1.718044
2032.019833	4.223470	1.720490
2034.131896	4.223378	1.724792
2036.243211	4.222517	1.728502
2038.354413	4.222968	1.730814
2040.466179	4.223542	1.733918
2042.577955	4.223802	1.736670
2044.689981	4.223276	1.738138
2046.801231	4.222459	1.740338
2048.912440	4.222674	1.743916
2051.023905	4.222940	1.746790
2053.135380	4.223299	1.749648
2055.247204	4.223587	1.752020
2057.358967	4.223488	1.753942
2059.470692	4.223089	1.756752
2061.582056	4.222981	1.757572
2063.693673	4.222384	1.757714
2065.804440	4.222010	1.760476
2067.915683	4.223432	1.762974
2070.027872	4.223924	1.764504
2072.139607	4.223513	1.769738
2074.251385	4.223085	1.775754
2076.362692	4.222580	1.778240
2078.473965	4.222644	1.781854
2080.585336	4.223401	1.784352
2082.697366	4.223812	1.785448
2084.809148	4.223250	1.788124
2086.920616	4.223240	1.791008
2089.032388	4.222602	1.793348
2091.143218	4.222876	1.794984
2093.255264	4.225038	1.797772
2095.368256	4.223277	1.801276
2097.478541	4.221273	1.805026
2099.589529	4.222990	1.807606
2101.701531	4.223399	1.809490
2103.812928	4.223013	1.812428
2105.924544	4.223009	1.815912
2108.035937	4.223236	1.818806
2110.147780	4.223168	1.821972
2112.259105	4.223463	1.825806
2114.371243	4.223401	1.828734
2116.482506	4.223993	1.831568
2118.595236	4.224718	1.830444
2120.707224	4.222677	1.831432
2122.817913	4.222630	1.838078
2124.929854	4.222321	1.844348
2127.040234	4.221573	1.846700
2129.151427	4.223065	1.845454
2131.263299	4.223247	1.846670
2133.374674	4.223476	1.850424
2135.486775	4.224253	1.853822
2137.598927	4.223640	1.857850
2139.710415	4.223250	1.862738
2141.822177	4.223596	1.866922
2143.934011	4.223426	1.870902
2146.045603	4.223043	1.874702
2148.157054	4.223698	1.877608
2150.269301	4.224397	1.882014
2152.381451	4.224394	1.888158
2154.493695	4.223930	1.895910
2156.605381	4.223010	1.902866
2158.716705	4.223032	1.907750
2160.828413	4.222575	1.912838
2162.939280	4.218964	1.917160
2165.047377	4.219301	1.913054
2167.158581	4.226422	1.903934
2169.273799	4.228120	1.904246
2171.386701	4.223229	1.914482
2173.497028	4.221920	1.921392
2175.608621	4.224353	1.922230
2177.721381	4.224826	1.926606
2179.833447	4.226214	1.934198
2181.947595	4.226525	1.945918
2184.059972	4.225160	1.958708
2186.172755	4.226987	1.972422
2188.286959	4.226992	1.988598
2190.399747	4.226478	2.000914
2192.513437	4.224920	2.008826
2194.624667	4.225477	2.013610
