#Creator: pendulumEventBuffer
#Creation time: Thu Mar 30 12:09:25 2023
#Time	Period	Transit time
#[s]	[s]	[s]
2.995813	2.147375	0.011314
4.069428	2.147148	0.011348
5.142961	2.146964	0.011378
6.216392	2.146754	0.011420
7.289715	2.146527	0.011462
8.362919	2.146303	0.011498
9.436018	2.146083	0.011540
10.509002	2.145881	0.011580
11.581899	2.145682	0.011618
12.654684	2.145467	0.011660
13.727366	2.145255	0.011700
14.799939	2.145051	0.011738
15.872417	2.144855	0.011778
16.944794	2.144653	0.011816
18.017070	2.144444	0.011856
19.089238	2.144236	0.011900
20.161306	2.144033	0.011936
21.233271	2.143843	0.011974
22.305149	2.143661	0.012018
23.376932	2.143471	0.012060
24.448620	2.143283	0.012104
25.520215	2.143109	0.012138
26.591729	2.142914	0.012182
27.663129	2.142714	0.012230
28.734443	2.142541	0.012266
29.805670	2.142370	0.012308
30.876813	2.142188	0.012350
31.947858	2.142018	0.012388
33.018831	2.141848	0.012430
34.089706	2.141655	0.012472
35.160486	2.141480	0.012512
36.231186	2.141314	0.012556
37.301800	2.141133	0.012596
38.372319	2.140962	0.012638
39.442762	2.140806	0.012680
40.513125	2.140634	0.012726
41.583396	2.140462	0.012768
42.653587	2.140307	0.012806
43.723703	2.140133	0.012850
44.793720	2.139965	0.012892
45.863668	2.139809	0.012936
46.933529	2.139645	0.012982
48.003313	2.139493	0.013026
49.073022	2.139344	0.013064
50.142657	2.139179	0.013106
51.212201	2.139017	0.013158
52.281674	2.138870	0.013204
53.351071	2.138728	0.013246
54.420402	2.138564	0.013292
55.489635	2.138405	0.013334
56.558807	2.138264	0.013374
57.627899	2.138113	0.013418
58.696920	2.137966	0.013460
59.765865	2.137829	0.013506
60.834749	2.137686	0.013558
61.903551	2.137529	0.013602
62.972278	2.137388	0.013644
64.040939	2.137252	0.013690
65.109530	2.137108	0.013736
66.178047	2.136934	0.013778
67.246464	2.136794	0.013820
68.314841	2.136695	0.013866
69.383159	2.136576	0.013914
70.451417	2.136442	0.013962
71.519601	2.136286	0.014006
72.587703	2.136166	0.014050
73.655767	2.136030	0.014098
74.723733	2.135859	0.014142
75.791626	2.135743	0.014184
76.859476	2.135651	0.014232
77.927277	2.135514	0.014286
78.994990	2.135374	0.014336
80.062651	2.135269	0.014378
81.130259	2.135161	0.014422
82.197812	2.135025	0.014456
83.265284	2.134884	0.014500
84.332696	2.134761	0.014556
85.400045	2.134635	0.014606
86.467331	2.134520	0.014654
87.534565	2.134410	0.014698
88.601741	2.134290	0.014742
89.668855	2.134171	0.014786
90.735912	2.134049	0.014836
91.802904	2.133936	0.014892
92.869848	2.133821	0.014940
93.936725	2.133705	0.014986
95.003553	2.133631	0.015034
96.070356	2.133523	0.015084
97.137076	2.133365	0.015132
98.203721	2.133246	0.015182
99.270322	2.133142	0.015232
100.336863	2.133044	0.015278
101.403366	2.132956	0.015328
102.469819	2.132833	0.015378
103.536199	2.132706	0.015426
104.602525	2.132603	0.015474
105.668802	2.132492	0.015524
106.735017	2.132393	0.015574
107.801195	2.132300	0.015622
108.867317	2.132189	0.015670
109.933384	2.132071	0.015724
110.999388	2.131952	0.015776
112.065336	2.131847	0.015820
113.131235	2.131730	0.015870
114.197066	2.131622	0.015924
115.262857	2.131545	0.015978
116.328611	2.131440	0.016026
117.394297	2.131335	0.016070
118.459946	2.131261	0.016120
119.525558	2.131127	0.016172
120.591073	2.131021	0.016222
121.656579	2.130987	0.016270
122.722060	2.130895	0.016324
123.787474	2.130784	0.016376
124.852844	2.130668	0.016424
125.918142	2.130544	0.016472
126.983388	2.130471	0.016520
128.048613	2.130435	0.016574
129.113823	2.130350	0.016622
130.178963	2.130258	0.016666
131.244081	2.130193	0.016714
132.309156	2.130089	0.016764
133.374170	2.129965	0.016812
134.439121	2.129899	0.016862
135.504069	2.129850	0.016918
136.568971	2.129760	0.016974
137.633829	2.129701	0.017022
138.698672	2.129636	0.017072
139.763465	2.129513	0.017126
140.828185	2.129413	0.017178
141.892878	2.129350	0.017228
142.957535	2.129287	0.017282
144.022165	2.129194	0.017338
145.086729	2.129084	0.017394
146.151249	2.129030	0.017446
147.215759	2.128966	0.017490
148.280215	2.128885	0.017542
149.344644	2.128834	0.017596
150.409049	2.128752	0.017646
151.473396	2.128677	0.017696
152.537726	2.128610	0.017752
153.602006	2.128514	0.017808
154.666240	2.128443	0.017860
155.730449	2.128388	0.017914
156.794628	2.128330	0.017968
157.858779	2.128258	0.018022
158.922886	2.128148	0.018076
159.986927	2.128067	0.018134
161.050953	2.128001	0.018190
162.114928	2.127901	0.018236
163.178854	2.127855	0.018292
164.242783	2.127851	0.018358
165.306705	2.127756	0.018414
166.370539	2.127634	0.018466
167.434339	2.127581	0.018522
168.498120	2.127537	0.018580
169.561876	2.127457	0.018632
170.625577	2.127340	0.018686
171.689216	2.127276	0.018744
172.752853	2.127245	0.018806
173.816461	2.127180	0.018862
174.880033	2.127150	0.018914
175.943611	2.127099	0.018970
177.007132	2.127019	0.019024
178.070630	2.126961	0.019084
179.134093	2.126882	0.019142
180.197512	2.126827	0.019196
181.260920	2.126766	0.019256
182.324278	2.126679	0.019316
183.387599	2.126635	0.019378
184.450913	2.126590	0.019438
185.514189	2.126526	0.019502
186.577439	2.126434	0.019558
187.640623	2.126380	0.019614
188.703819	2.126356	0.019670
189.766979	2.126262	0.019726
190.830081	2.126173	0.019790
191.893152	2.126096	0.019848
192.956177	2.126055	0.019910
194.019207	2.126068	0.019970
195.082245	2.125989	0.020026
196.145196	2.125874	0.020088
197.208119	2.125837	0.020150
198.271033	2.125827	0.020210
199.333946	2.125784	0.020276
200.396817	2.125713	0.020338
201.459659	2.125660	0.020398
202.522477	2.125595	0.020458
203.585254	2.125513	0.020520
204.647990	2.125451	0.020584
205.710705	2.125408	0.020638
206.773398	2.125356	0.020704
207.836061	2.125300	0.020770
208.898698	2.125237	0.020824
209.961298	2.125143	0.020888
211.023841	2.125078	0.020958
212.086376	2.125054	0.021024
213.148895	2.125039	0.021086
214.211415	2.125008	0.021142
215.273903	2.124937	0.021210
216.336352	2.124876	0.021284
217.398779	2.124806	0.021346
218.461158	2.124746	0.021408
219.523525	2.124705	0.021470
220.585863	2.124657	0.021534
221.648182	2.124610	0.021604
222.710473	2.124561	0.021666
223.772743	2.124553	0.021734
224.835026	2.124495	0.021796
225.897238	2.124412	0.021860
226.959438	2.124403	0.021932
228.021641	2.124369	0.021998
229.083807	2.124274	0.022058
230.145915	2.124203	0.022126
231.208010	2.124166	0.022196
232.270081	2.124073	0.022266
233.332083	2.123996	0.022334
234.394077	2.124052	0.022394
235.456135	2.124044	0.022466
236.518121	2.123922	0.022538
237.580057	2.123798	0.022614
238.641919	2.123748	0.022678
239.703805	2.123743	0.022722
240.765662	2.123675	0.022784
241.827480	2.123629	0.022868
242.889291	2.123636	0.022934
243.951116	2.123612	0.023000
245.012903	2.123549	0.023058
246.074665	2.123506	0.023118
247.136409	2.123445	0.023190
248.198110	2.123380	0.023260
249.259789	2.123334	0.023334
250.321444	2.123260	0.023404
251.383049	2.123212	0.023478
252.444656	2.123202	0.023548
253.506251	2.123189	0.023614
254.567845	2.123152	0.023682
255.629403	2.123077	0.023754
256.690922	2.123028	0.023828
257.752431	2.123015	0.023898
258.813937	2.122990	0.023966
259.875421	2.122958	0.024034
260.936895	2.122920	0.024098
261.998341	2.122875	0.024190
263.059770	2.122807	0.024272
264.121148	2.122767	0.024332
265.182537	2.122756	0.024406
266.243904	2.122700	0.024484
267.305237	2.122636	0.024554
268.366540	2.122597	0.024624
269.427834	2.122584	0.024700
270.489124	2.122547	0.024772
271.550381	2.122500	0.024842
272.611624	2.122526	0.024916
273.672907	2.122541	0.024990
274.734165	2.122479	0.025062
275.795386	2.122361	0.025136
276.856526	2.122303	0.025204
277.917689	2.122315	0.025282
278.978841	2.122259	0.025370
280.039948	2.122218	0.025448
281.101059	2.122233	0.025522
282.162181	2.122197	0.025598
283.223256	2.122137	0.025668
284.284318	2.122082	0.025744
285.345338	2.122014	0.025824
286.406332	2.121938	0.025892
287.467276	2.121873	0.025968
288.528205	2.121864	0.026054
289.589140	2.121867	0.026136
290.650072	2.121848	0.026216
291.710988	2.121867	0.026296
292.771939	2.121869	0.026382
293.832857	2.121828	0.026470
294.893767	2.121781	0.026550
295.954638	2.121725	0.026632
297.015492	2.121695	0.026716
298.076333	2.121632	0.026798
299.137124	2.121594	0.026876
300.197927	2.121612	0.026950
301.258736	2.121564	0.027040
302.319491	2.121494	0.027122
303.380230	2.121473	0.027200
304.440964	2.121445	0.027276
305.501675	2.121401	0.027358
306.562365	2.121380	0.027450
307.623055	2.121334	0.027530
308.683699	2.121286	0.027598
309.744341	2.121301	0.027686
310.805000	2.121327	0.027784
311.865668	2.121267	0.027868
312.926267	2.121201	0.027966
313.986869	2.121181	0.028054
315.047448	2.121140	0.028116
316.108009	2.121123	0.028206
317.168571	2.121084	0.028310
318.229093	2.121012	0.028402
319.289583	2.120996	0.028490
320.350089	2.120998	0.028570
321.410581	2.120980	0.028662
322.471069	2.120969	0.028758
323.531550	2.120935	0.028852
324.592004	2.120826	0.028936
325.652376	2.120763	0.029032
326.712767	2.120760	0.029114
327.773136	2.120711	0.029200
328.833478	2.120732	0.029304
329.893868	2.120768	0.029396
330.954246	2.120742	0.029484
332.014610	2.120715	0.029568
333.074961	2.120647	0.029662
334.135257	2.120567	0.029754
335.195528	2.120496	0.029840
336.255753	2.120458	0.029946
337.315986	2.120476	0.030044
338.376229	2.120459	0.030130
339.436445	2.120432	0.030226
340.496661	2.120452	0.030318
341.556897	2.120392	0.030422
342.617053	2.120330	0.030522
343.677227	2.120337	0.030610
344.737390	2.120261	0.030704
345.797488	2.120214	0.030800
346.857604	2.120251	0.030900
347.917739	2.120229	0.031002
348.977833	2.120198	0.031098
350.037937	2.120186	0.031194
351.098019	2.120171	0.031302
352.158108	2.120141	0.031404
353.218160	2.120084	0.031500
354.278192	2.119992	0.031600
355.338152	2.119948	0.031696
356.398140	2.119992	0.031792
357.458144	2.119989	0.031892
358.518129	2.119942	0.031990
359.578086	2.119862	0.032092
360.637991	2.119843	0.032198
361.697929	2.119836	0.032298
362.757827	2.119788	0.032398
363.817717	2.119786	0.032506
364.877613	2.119741	0.032610
365.937458	2.119742	0.032712
366.997355	2.119737	0.032814
368.057195	2.119666	0.032914
369.117021	2.119618	0.033010
370.176813	2.119568	0.033114
371.236589	2.119576	0.033226
372.296389	2.119533	0.033330
373.356122	2.119483	0.033432
374.415872	2.119468	0.033536
375.475590	2.119427	0.033644
376.535299	2.119440	0.033754
377.595030	2.119442	0.033860
378.654741	2.119401	0.033970
379.714431	2.119360	0.034086
380.774101	2.119326	0.034190
381.833757	2.119286	0.034294
382.893387	2.119264	0.034402
383.953021	2.119250	0.034506
385.012637	2.119232	0.034618
386.072253	2.119218	0.034730
387.131855	2.119176	0.034842
388.191429	2.119159	0.034950
389.251014	2.119162	0.035052
390.310591	2.119141	0.035166
391.370155	2.119102	0.035282
392.429693	2.119086	0.035390
393.489241	2.119043	0.035494
394.548736	2.118988	0.035616
395.608229	2.118994	0.035726
396.667730	2.118983	0.035832
397.727212	2.118941	0.035952
398.786671	2.118908	0.036054
399.846120	2.118890	0.036172
400.905561	2.118840	0.036314
401.964960	2.118820	0.036416
403.024381	2.118834	0.036502
404.083794	2.118794	0.036640
405.143175	2.118745	0.036778
406.202539	2.118750	0.036870
407.261925	2.118745	0.036962
408.321284	2.118696	0.037096
409.380621	2.118672	0.037222
410.439956	2.118664	0.037348
411.499285	2.118631	0.037478
412.558587	2.118615	0.037610
413.617900	2.118619	0.037716
414.677206	2.118596	0.037804
415.736496	2.118556	0.037920
416.795762	2.118529	0.038044
417.855025	2.118486	0.038174
418.914248	2.118471	0.038296
419.973496	2.118483	0.038396
421.032731	2.118449	0.038522
422.091945	2.118432	0.038654
423.151163	2.118425	0.038782
424.210370	2.118393	0.038928
425.269556	2.118372	0.039068
426.328742	2.118348	0.039180
427.387904	2.118333	0.039280
428.447075	2.118323	0.039398
429.506227	2.118328	0.039530
430.565403	2.118315	0.039674
431.624542	2.118287	0.039812
432.683690	2.118247	0.039936
433.742789	2.118195	0.040042
434.801885	2.118207	0.040154
435.860996	2.118199	0.040304
436.920084	2.118172	0.040448
437.979168	2.118164	0.040568
439.038248	2.118136	0.040692
440.097304	2.118129	0.040840
441.156377	2.118119	0.040974
442.215423	2.118090	0.041102
443.274467	2.118069	0.041238
444.333492	2.118021	0.041352
445.392488	2.118001	0.041488
446.451493	2.118016	0.041626
447.510504	2.117964	0.041752
448.569457	2.117963	0.041894
449.628467	2.117957	0.042034
450.687414	2.117886	0.042172
451.746353	2.117890	0.042306
452.805304	2.117883	0.042456
453.864236	2.117851	0.042604
454.923155	2.117801	0.042730
455.982037	2.117788	0.042850
457.040943	2.117862	0.042986
458.099899	2.117831	0.043138
459.158774	2.117741	0.043280
460.217640	2.117728	0.043432
461.276502	2.117725	0.043572
462.335365	2.117702	0.043706
463.394204	2.117662	0.043860
464.453027	2.117660	0.044006
465.511864	2.117658	0.044140
466.570685	2.117626	0.044286
467.629490	2.117614	0.044436
468.688299	2.117605	0.044578
469.747095	2.117586	0.044714
470.805885	2.117565	0.044878
471.864660	2.117570	0.045044
472.923455	2.117557	0.045186
473.982217	2.117518	0.045330
475.040973	2.117508	0.045486
476.099725	2.117496	0.045630
477.158469	2.117470	0.045778
478.217195	2.117449	0.045930
479.275918	2.117426	0.046092
480.334621	2.117417	0.046262
481.393335	2.117409	0.046406
482.452030	2.117385	0.046556
483.510720	2.117342	0.046716
484.569372	2.117311	0.046900
485.628031	2.117329	0.047082
486.686701	2.117337	0.047182
487.745368	2.117305	0.047312
488.804006	2.117279	0.047500
489.862647	2.117255	0.047674
490.921261	2.117240	0.047830
491.979887	2.117229	0.048010
493.038490	2.117203	0.048160
494.097090	2.117198	0.048284
495.155688	2.117197	0.048472
496.214287	2.117181	0.048662
497.272869	2.117156	0.048826
498.331443	2.117130	0.048966
499.389999	2.117139	0.049110
500.448582	2.117131	0.049280
501.507130	2.117075	0.049440
502.565657	2.117031	0.049626
503.624161	2.116999	0.049838
504.682656	2.116989	0.050000
505.741150	2.116988	0.050172
506.799644	2.116971	0.050352
507.858121	2.116975	0.050522
508.916619	2.116970	0.050698
509.975091	2.116918	0.050878
511.033537	2.116900	0.051058
512.091991	2.116889	0.051242
513.150426	2.116842	0.051432
514.208833	2.116814	0.051602
515.267240	2.116793	0.051776
516.325626	2.116789	0.051956
517.384029	2.116772	0.052134
518.442398	2.116768	0.052324
519.500797	2.116731	0.052506
520.559129	2.116663	0.052686
521.617460	2.116652	0.052892
522.675781	2.116646	0.053086
523.734106	2.116608	0.053260
524.792389	2.116562	0.053438
525.850668	2.116571	0.053616
526.908960	2.116588	0.053812
527.967256	2.116534	0.053992
529.025494	2.116470	0.054176
530.083726	2.116464	0.054368
531.141958	2.116375	0.054544
532.200101	2.116297	0.054722
533.258255	2.116404	0.054914
534.316505	2.116322	0.055086
535.374577	2.116138	0.055254
536.432643	2.116155	0.055434
537.490732	2.116194	0.055608
538.548837	2.116181	0.055790
539.606913	2.116188	0.055974
540.665025	2.116200	0.056142
541.723113	2.116127	0.056322
542.781152	2.116099	0.056508
543.839212	2.116157	0.056712
544.897309	2.116139	0.056886
545.955351	2.116197	0.057054
547.013506	2.116263	0.057252
548.071614	2.116011	0.057440
549.129517	2.115875	0.057614
550.187489	2.115956	0.057798
551.245473	2.115962	0.057990
552.303451	2.115975	0.058166
553.361448	2.115975	0.058360
554.419426	2.115971	0.058552
555.477419	2.115942	0.058734
556.535368	2.115895	0.058920
557.593314	2.115876	0.059100
558.651244	2.115867	0.059304
559.709181	2.115861	0.059502
560.767105	2.115840	0.059686
561.825021	2.115840	0.059882
562.882945	2.115833	0.060066
563.940854	2.115774	0.060264
564.998719	2.115759	0.060458
566.056613	2.115752	0.060646
567.114471	2.115736	0.060846
568.172349	2.115737	0.061054
569.230208	2.115693	0.061240
570.288042	2.115648	0.061420
571.345856	2.115695	0.061608
572.403737	2.115681	0.061842
573.461537	2.115630	0.062066
574.519367	2.115632	0.062242
575.577169	2.115606	0.062438
576.634973	2.115575	0.062646
577.692744	2.115576	0.062856
578.750549	2.115583	0.063042
579.808327	2.115552	0.063234
580.866101	2.115261	0.063418
581.923588	2.115407	0.063652
582.981508	2.115757	0.063880
584.039345	2.115615	0.064046
585.097123	2.115437	0.064230
586.154782	2.115343	0.064408
587.212466	2.115405	0.064616
588.270187	2.115479	0.064830
589.327945	2.115479	0.065050
590.385666	2.115413	0.065244
591.443358	2.115296	0.065404
592.500962	2.115257	0.065592
593.558615	2.115288	0.065786
594.616250	2.115289	0.065984
595.673904	2.115342	0.066180
596.731592	2.115204	0.066392
597.789108	2.115124	0.066596
598.846716	2.115258	0.066752
599.904366	2.115255	0.066916
600.961971	2.115238	0.067162
602.019604	2.115252	0.067368
603.077223	2.115160	0.067554
604.134764	2.115166	0.067768
605.192389	2.115308	0.067934
606.250072	2.115232	0.068096
607.307621	2.115145	0.068298
608.365217	2.115142	0.068542
609.422763	2.115143	0.068718
610.480360	2.115176	0.068916
611.537939	2.115145	0.069150
612.595505	2.115096	0.069334
613.653035	2.115117	0.069534
614.710622	2.115148	0.069720
615.768183	2.115110	0.069906
616.825732	2.115056	0.070124
617.883239	2.115054	0.070346
618.940786	2.115067	0.070552
619.998306	2.115056	0.070764
621.055842	2.115038	0.070952
622.113344	2.115009	0.071152
623.170851	2.115013	0.071354
624.228357	2.115020	0.071550
625.285871	2.115003	0.071746
626.343360	2.114984	0.071956
627.400855	2.114991	0.072174
628.458351	2.115024	0.072366
629.515879	2.114990	0.072578
630.573341	2.114915	0.072786
631.630794	2.114919	0.072976
632.688260	2.114944	0.073204
633.745738	2.114883	0.073432
634.803143	2.114829	0.073646
635.860567	2.114900	0.073842
636.918043	2.114919	0.074042
637.975486	2.114838	0.074252
639.032881	2.114853	0.074458
640.090339	2.114878	0.074694
641.147759	2.114812	0.074890
642.205151	2.114799	0.075094
643.262558	2.114843	0.075328
644.319994	2.114828	0.075524
645.377386	2.114801	0.075740
646.434795	2.114817	0.075954
647.492203	2.114811	0.076166
648.549606	2.114765	0.076392
649.606968	2.114755	0.076604
650.664361	2.114761	0.076802
651.721729	2.114749	0.077014
652.779110	2.114707	0.077228
653.836436	2.114655	0.077444
654.893765	2.114634	0.077666
655.951070	2.114644	0.077876
657.008409	2.114638	0.078114
658.065708	2.114600	0.078336
659.123009	2.114597	0.078566
660.180305	2.114574	0.078790
661.237583	2.114526	0.078974
662.294831	2.114527	0.079146
663.352110	2.114502	0.079328
664.409333	2.114483	0.079546
665.466593	2.114497	0.079766
666.523830	2.114471	0.079964
667.581064	2.114501	0.080156
668.638331	2.114496	0.080354
669.695560	2.114474	0.080564
670.752805	2.114513	0.080782
671.810073	2.114434	0.080970
672.867239	2.114404	0.081162
673.924477	2.114448	0.081378
674.981687	2.114432	0.081574
676.038909	2.114450	0.081782
677.096137	2.114468	0.081998
678.153377	2.114462	0.082170
679.210599	2.114404	0.082346
680.267781	2.114385	0.082546
681.324984	2.114375	0.082744
682.382156	2.114370	0.082956
683.439354	2.114407	0.083180
684.496563	2.114406	0.083414
685.553760	2.114387	0.083636
686.610950	2.114340	0.083788
687.668100	2.114313	0.083952
688.725263	2.114334	0.084162
689.782434	2.114341	0.084368
690.839604	2.114344	0.084576
691.896778	2.114367	0.084812
692.953971	2.114330	0.085050
694.011108	2.114251	0.085220
695.068222	2.114198	0.085384
696.125306	2.114285	0.085600
697.182507	2.114311	0.085774
698.239617	2.114244	0.085978
699.296751	2.114252	0.086258
700.353869	2.114221	0.086474
701.410972	2.114233	0.086652
702.468102	2.114267	0.086836
703.525239	2.114260	0.087030
704.582362	2.114248	0.087252
705.639487	2.114208	0.087478
706.696570	2.114193	0.087664
707.753680	2.114181	0.087828
708.810751	2.114156	0.088010
709.867836	2.114188	0.088224
710.924939	2.114142	0.088430
711.981978	2.114086	0.088624
713.039025	2.114102	0.088826
714.096080	2.114128	0.089020
715.153153	2.114155	0.089230
716.210235	2.114131	0.089406
717.267284	2.114144	0.089520
718.324379	2.114139	0.089710
719.381423	2.114084	0.089978
720.438463	2.114069	0.090242
721.495492	2.114147	0.090476
722.552610	2.114193	0.090652
723.609685	2.114123	0.090818
724.666733	2.114084	0.090978
725.723769	2.114073	0.091194
726.780806	2.114085	0.091404
727.837854	2.114093	0.091604
728.894899	2.114067	0.091890
729.951921	2.114107	0.092098
731.009006	2.114125	0.092252
732.066046	2.114055	0.092476
733.123061	2.114037	0.092706
734.180083	2.114056	0.092814
735.237117	2.114046	0.092962
736.294129	2.114057	0.093310
737.351174	2.114024	0.093540
738.408153	2.114016	0.093670
739.465190	2.114052	0.093880
740.522205	2.113988	0.094110
741.579178	2.114004	0.094336
742.636209	2.114084	0.094482
743.693262	2.114001	0.094632
744.750210	2.113884	0.094872
745.807146	2.113923	0.095084
746.864133	2.113967	0.095234
747.921113	2.113924	0.095494
748.978057	2.113932	0.095770
750.035045	2.113933	0.095954
751.091990	2.113984	0.096168
752.149029	2.114035	0.096418
753.206025	2.113921	0.096634
754.262950	2.113867	0.096724
755.319892	2.113890	0.096944
756.376840	2.113929	0.097268
757.433821	2.113916	0.097430
758.490756	2.113839	0.097596
759.547660	2.113854	0.097820
760.604610	2.113917	0.098032
761.661577	2.113901	0.098226
762.718511	2.113877	0.098430
763.775454	2.113879	0.098644
764.832390	2.113850	0.098864
765.889304	2.113894	0.099088
766.946284	2.113876	0.099268
768.003180	2.113825	0.099460
769.060109	2.113847	0.099682
770.117027	2.113840	0.099922
771.173949	2.113814	0.100150
772.230841	2.113812	0.100350
773.287761	2.113819	0.100554
774.344660	2.113815	0.100768
775.401576	2.113773	0.100972
776.458433	2.113813	0.101210
777.515389	2.113851	0.101430
778.572284	2.113810	0.101636
779.629199	2.113832	0.101854
780.686116	2.113830	0.102052
781.743029	2.113795	0.102262
782.799911	2.113795	0.102474
783.856824	2.113823	0.102700
784.913734	2.113804	0.102880
785.970628	2.113780	0.103096
787.027514	2.113765	0.103348
788.084393	2.113766	0.103542
789.141280	2.113771	0.103748
790.198164	2.113770	0.103984
791.255050	2.113779	0.104216
792.311943	2.113751	0.104426
793.368801	2.113736	0.104650
794.425679	2.113743	0.104858
795.482544	2.113740	0.105068
796.539419	2.113711	0.105302
797.596255	2.113735	0.105530
798.653154	2.113759	0.105748
799.710014	2.113708	0.105976
800.766862	2.113722	0.106196
801.823736	2.113746	0.106392
802.880608	2.113669	0.106608
803.937405	2.113606	0.106830
804.994214	2.113745	0.107056
806.051150	2.113750	0.107268
807.107964	2.113535	0.107484
808.164685	2.113608	0.107694
809.221572	2.113696	0.107912
810.278381	2.113610	0.108154
811.335182	2.113657	0.108372
812.392038	2.113644	0.108520
813.448826	2.113564	0.108788
814.505602	2.113644	0.109052
815.562470	2.113646	0.109216
816.619248	2.113622	0.109492
817.676092	2.113676	0.109764
818.732924	2.113640	0.109988
819.789732	2.113632	0.110192
820.846556	2.113619	0.110428
821.903351	2.113579	0.110670
822.960135	2.113552	0.110858
824.016903	2.113583	0.111098
825.073718	2.113619	0.111364
826.130522	2.113617	0.111552
827.187335	2.113620	0.111758
828.244142	2.113581	0.112016
829.300916	2.113575	0.112276
830.357717	2.113559	0.112446
831.414475	2.113540	0.112654
832.471257	2.113535	0.112910
833.528010	2.113560	0.113224
834.584817	2.113548	0.113506
835.641558	2.113501	0.113676
836.698318	2.113547	0.113884
837.755105	2.113523	0.114066
838.811841	2.113493	0.114150
839.868598	2.113597	0.114400
840.925438	2.113603	0.114756
841.982201	2.113495	0.115014
843.038933	2.113449	0.115286
844.095650	2.113533	0.115536
845.152466	2.113558	0.115632
846.209208	2.113469	0.115900
847.265935	2.113455	0.116290
848.322663	2.113475	0.116510
849.379410	2.113455	0.116712
850.436118	2.113400	0.116872
851.492810	2.113421	0.117048
852.549539	2.113550	0.117290
853.606360	2.113482	0.117592
854.663021	2.113408	0.117834
855.719768	2.113462	0.118052
856.776483	2.113384	0.118282
857.833152	2.113424	0.118500
858.889907	2.113500	0.118766
859.946652	2.113484	0.119028
861.003391	2.113453	0.119250
862.060105	2.113378	0.119454
863.116769	2.113367	0.119718
864.173472	2.113431	0.120004
865.230200	2.113400	0.120220
866.286872	2.113359	0.120424
867.343559	2.113410	0.120654
868.400282	2.113414	0.120896
869.456973	2.113378	0.121158
870.513660	2.113374	0.121428
871.570347	2.113413	0.121662
872.627073	2.113390	0.121842
873.683737	2.113383	0.122046
874.740456	2.113369	0.122288
875.797106	2.113375	0.122500
876.853831	2.113406	0.122770
877.910512	2.113335	0.123068
878.967166	2.113316	0.123296
880.023828	2.113337	0.123528
881.080503	2.113326	0.123802
882.137154	2.113321	0.124040
883.193824	2.113338	0.124276
884.250492	2.113328	0.124516
885.307152	2.113276	0.124720
886.363768	2.113241	0.124956
887.420393	2.113230	0.125270
888.476998	2.113250	0.125540
889.533643	2.113305	0.125758
890.590303	2.113316	0.125986
891.646959	2.113243	0.126242
892.703546	2.113382	0.126516
893.760341	2.113410	0.126778
894.816956	2.113248	0.127048
895.873589	2.113239	0.127262
896.930195	2.113295	0.127490
897.986884	2.113288	0.127716
899.043483	2.113175	0.127954
900.100059	2.113175	0.128246
901.156658	2.113244	0.128452
902.213303	2.113229	0.128698
903.269887	2.113229	0.129006
904.326532	2.113248	0.129220
905.383135	2.113226	0.129486
906.439758	2.113190	0.129768
907.496325	2.113191	0.130054
908.552949	2.113238	0.130266
909.609563	2.113213	0.130486
910.666162	2.113197	0.130784
911.722760	2.113212	0.131040
912.779374	2.113183	0.131264
913.835943	2.113213	0.131502
914.892587	2.113248	0.131838
915.949191	2.113188	0.132058
917.005775	2.113223	0.132266
918.062414	2.113304	0.132532
919.119079	2.113214	0.132766
920.175628	2.113125	0.133028
921.232204	2.113163	0.133320
922.288791	2.113126	0.133574
923.345330	2.113133	0.133800
924.401924	2.113188	0.134024
925.458518	2.113120	0.134328
926.515044	2.113104	0.134600
927.571622	2.113209	0.134820
928.628253	2.113212	0.135070
929.684834	2.113065	0.135288
930.741318	2.113057	0.135608
931.797891	2.113139	0.135874
932.854457	2.113040	0.136074
933.910931	2.113073	0.136354
934.967530	2.113125	0.136616
936.024056	2.113066	0.136896
937.080596	2.113059	0.137120
938.137115	2.113009	0.137314
939.193605	2.113081	0.137622
940.250196	2.113101	0.137880
941.306706	2.113258	0.138060
942.363454	2.113466	0.138324
943.420172	2.113518	0.138560
944.476972	2.113208	0.138788
945.533380	2.112898	0.139112
946.589870	2.113007	0.139376
947.646387	2.113248	0.139602
948.703118	2.113243	0.139880
949.759630	2.112946	0.140176
950.816064	2.113472	0.140464
951.873102	2.113499	0.140904
952.929563	2.112943	0.141218
953.986045	2.113056	0.141354
955.042619	2.113053	0.141554
956.099098	2.113192	0.141860
957.155811	2.113172	0.142146
958.212270	2.113029	0.142304
959.268840	2.113067	0.142552
960.325337	2.112954	0.142846
961.381794	2.112995	0.143132
962.438332	2.112956	0.143436
963.494750	2.113013	0.143648
964.551345	2.113224	0.143878
965.607974	2.113044	0.144188
966.664389	2.112750	0.144450
967.720724	2.112928	0.144704
968.777317	2.113110	0.144990
969.833834	2.112965	0.145216
970.890282	2.112922	0.145420
971.946756	2.112915	0.145676
973.003197	2.112876	0.145922
974.059632	2.112815	0.146088
975.116012	2.112826	0.146308
976.172458	2.112933	0.146596
977.228945	2.112993	0.146846
978.285451	2.113001	0.147114
979.341946	2.112990	0.147384
980.398441	2.112941	0.147650
981.454887	2.112935	0.147906
982.511376	2.112944	0.148172
983.567831	2.112960	0.148474
984.624336	2.112955	0.148668
985.680786	2.112810	0.148932
986.737146	2.112844	0.149208
987.793630	2.112892	0.149420
988.850038	2.113012	0.149820
989.906642	2.113080	0.150144
990.963118	2.112936	0.150404
992.019578	2.112888	0.150676
993.076006	2.112925	0.150892
994.132503	2.113004	0.151134
995.189010	2.112907	0.151412
996.245410	2.112899	0.151708
997.301909	2.112888	0.151966
998.358298	2.112859	0.152212
999.414768	2.112937	0.152584
1000.471235	2.112954	0.152838
1001.527722	2.112858	0.152996
1002.584093	2.112792	0.153302
1003.640514	2.112862	0.153604
1004.696955	2.112878	0.153874
1005.753392	2.112844	0.154176
1006.809799	2.112868	0.154466
1007.866260	2.112864	0.154700
1008.922663	2.112913	0.154970
1009.979173	2.112926	0.155298
1011.035589	2.112874	0.155570
1012.092047	2.112821	0.155838
1013.148410	2.112752	0.156152
1014.204799	2.112770	0.156334
1015.261180	2.112856	0.156572
1016.317655	2.112948	0.156958
1017.374128	2.112880	0.157324
1018.430535	2.112783	0.157610
1019.486911	2.112792	0.157898
1020.543327	2.112835	0.158206
1021.599746	2.112738	0.158444
1022.656065	2.112733	0.158726
1023.712479	2.112839	0.159022
1024.768904	2.112799	0.159296
1025.825278	2.112799	0.159676
1026.881703	2.112798	0.159954
1027.938076	2.112784	0.160124
1028.994487	2.112800	0.160442
1030.050876	2.112772	0.160800
1031.107259	2.112795	0.161058
1032.163671	2.112852	0.161114
1033.220111	2.112766	0.161394
1034.276437	2.112670	0.161838
1035.332781	2.112783	0.162254
1036.389220	2.112825	0.162400
1037.445606	2.112705	0.162508
1038.501925	2.112730	0.162874
1039.558336	2.112784	0.163172
1040.614709	2.112812	0.163510
1041.671148	2.112802	0.163800
1042.727511	2.112667	0.164086
1043.783815	2.112740	0.164354
1044.840251	2.112784	0.164654
1045.896599	2.112685	0.164958
1046.952936	2.112744	0.165204
1048.009343	2.112621	0.165450
1049.065557	2.112587	0.165774
1050.121930	2.112808	0.166088
1051.178365	2.112834	0.166374
1052.234764	2.112761	0.166676
1053.291126	2.112688	0.166864
1054.347452	2.112703	0.167160
1055.403829	2.112869	0.167478
1056.460321	2.112632	0.167730
1057.516461	2.112529	0.168054
1058.572850	2.112691	0.168352
1059.629152	2.112668	0.168656
1060.685518	2.112698	0.168944
1061.741850	2.112668	0.169244
1062.798186	2.112633	0.169536
1063.854483	2.112652	0.169806
1064.910838	2.112676	0.170104
1065.967159	2.112658	0.170386
1067.023496	2.112676	0.170680
1068.079835	2.112659	0.170982
1069.136155	2.112603	0.171278
1070.192438	2.112648	0.171588
1071.248803	2.112674	0.171846
1072.305112	2.112608	0.172116
1073.361411	2.112595	0.172422
1074.417707	2.112623	0.172710
1075.474034	2.112635	0.172992
1076.530342	2.112645	0.173300
1077.586679	2.112637	0.173586
1078.642979	2.112623	0.173866
1079.699302	2.112637	0.174160
1080.755616	2.112652	0.174464
1081.811954	2.112624	0.174760
1082.868240	2.112606	0.175020
1083.924560	2.112645	0.175320
1084.980885	2.112904	0.175610
1086.037464	2.112506	0.175936
1087.093391	2.112102	0.176270
1088.149566	2.112574	0.176488
1089.205965	2.112846	0.176754
1090.262412	2.112611	0.177060
1091.318576	2.112465	0.177408
1092.374877	2.112599	0.177698
1093.431175	2.112558	0.178062
1094.487435	2.112564	0.178434
1095.543739	2.112681	0.178654
1096.600116	2.112610	0.178924
1097.656349	2.112469	0.179194
1098.712585	2.112514	0.179538
1099.768863	2.112576	0.179918
1100.825161	2.112619	0.180270
1101.881482	2.112630	0.180524
1102.937791	2.112567	0.180686
1103.994049	2.112560	0.180938
1105.050351	2.112604	0.181226
1106.106653	2.112597	0.181478
1107.162948	2.112560	0.181768
1108.219213	2.112546	0.182078
1109.275494	2.112567	0.182364
1110.331780	2.112579	0.182632
1111.388073	2.112529	0.182914
1112.444309	2.112599	0.183174
1113.500672	2.112607	0.183464
1114.556916	2.112474	0.183812
1115.613146	2.112427	0.184068
1116.669343	2.112660	0.184254
1117.725806	2.112636	0.184480
1118.781979	2.112376	0.184954
1119.838182	2.112445	0.185632
1120.894424	2.112458	0.185812
1121.950640	2.112454	0.185824
1123.006878	2.112507	0.186240
1124.063147	2.112593	0.186570
1125.119471	2.112682	0.186790
1126.175829	2.112515	0.187062
1127.231986	2.112416	0.187336
1128.288245	2.112622	0.187662
1129.344608	2.112634	0.188016
1130.400879	2.112499	0.188338
1131.457107	2.112371	0.188486
1132.513250	2.112410	0.188652
1133.569517	2.112640	0.189022
1134.625890	2.112576	0.189416
1135.682093	2.112424	0.189634
1136.738314	2.112452	0.189828
1137.794545	2.112473	0.190226
1138.850787	2.112474	0.190678
1139.907019	2.112552	0.191026
1140.963339	2.112650	0.191158
1142.019669	2.112594	0.191346
1143.075933	2.112452	0.191614
1144.132121	2.112455	0.191886
1145.188388	2.112525	0.192256
1146.244646	2.112493	0.192584
1147.300881	2.112477	0.192886
1148.357123	2.112472	0.193178
1149.413353	2.112443	0.193414
1150.469566	2.112504	0.193664
1151.525857	2.112559	0.193986
1152.582125	2.112486	0.194318
1153.638343	2.112464	0.194642
1154.694589	2.112603	0.195054
1155.750946	2.112771	0.195384
1156.807360	2.112659	0.195544
1157.863605	2.112387	0.195702
1158.919747	2.112357	0.195934
1159.975962	2.112455	0.196296
1161.032202	2.112525	0.196652
1162.088487	2.112513	0.196930
1163.144715	2.112571	0.197130
1164.201058	2.112561	0.197412
1165.257276	2.112401	0.197744
1166.313459	2.112349	0.198014
1167.369625	2.112412	0.198274
1168.425871	2.112442	0.198594
1169.482067	2.112472	0.198914
1170.538343	2.112499	0.199126
1171.594566	2.112465	0.199440
1172.650808	2.112405	0.199756
1173.706971	2.112454	0.200054
1174.763262	2.112481	0.200348
1175.819452	2.112298	0.200636
1176.875560	2.112161	0.201000
1177.931613	2.112187	0.201306
1178.987747	2.112297	0.201678
1180.043910	2.112425	0.202072
1181.100172	2.112557	0.202320
1182.156467	2.112533	0.202686
1183.212705	2.112430	0.203014
1184.268897	2.112489	0.203274
1185.325194	2.112456	0.203660
1186.381353	2.112425	0.204022
1187.437619	2.112580	0.204314
1188.493933	2.112707	0.204570
1189.550326	2.112592	0.205172
1190.606525	2.112211	0.205462
1191.662537	2.112138	0.205142
1192.718663	2.112388	0.205370
1193.774925	2.112446	0.205646
1194.831109	2.112214	0.205882
1195.887139	2.112072	0.206358
1196.943181	2.112320	0.206726
1197.999459	2.112510	0.207326
1199.055691	2.112668	0.207714
1200.112127	2.112834	0.207658
1201.168525	2.112644	0.208050
1202.224771	2.112634	0.208730
1203.281159	2.112647	0.209042
1204.337418	2.112500	0.209344
1205.393659	2.112411	0.209614
1206.449829	2.112180	0.209782
1207.505839	2.112091	0.210078
1208.561920	2.112471	0.210416
1209.618310	2.112729	0.210844
1210.674649	2.112301	0.211306
1211.730611	2.112268	0.211650
1212.786917	2.112341	0.211978
1213.842952	2.112248	0.212264
1214.899165	2.112401	0.212518
1215.955353	2.112293	0.212674
1217.011458	2.112104	0.213000
1218.067457	2.112244	0.213558
1219.123702	2.112327	0.214024
1220.179784	2.112299	0.214416
1221.236001	2.112375	0.214926
1222.292159	2.112151	0.215322
1223.348152	2.111823	0.215736
1224.403982	2.112001	0.216268
1225.460153	2.112396	0.216658
1226.516378	2.112571	0.217188
1227.572724	2.112699	0.217612
1228.629077	2.112351	0.217702
1229.685075	2.112243	0.218142
1230.741320	2.112842	0.219044
1231.797917	2.113015	0.219566
1232.854335	2.112818	0.219570
1233.910735	2.112498	0.219590
1234.966833	2.112301	0.219902
1236.023036	2.112523	0.220412
1237.079356	2.112596	0.220648
1238.135632	2.112544	0.220920
1239.191900	2.112511	0.221324
1240.248143	2.112561	0.221738
1241.304461	2.112704	0.222126
1242.360847	2.112673	0.222450
1243.417134	2.112470	0.222844
1244.473317	2.112406	0.223082
1245.529540	2.112321	0.223476
1246.585638	2.112391	0.223744
1247.641931	2.112823	0.224178
1248.698461	2.112668	0.224642
1249.754599	2.112109	0.224638
1250.810570	2.112226	0.224860
1251.866825	2.112443	0.225286
1252.923013	2.112370	0.225630
1253.979195	2.112366	0.226022
1255.035379	2.112286	0.226402
1256.091481	2.112257	0.226730
1257.147636	2.112332	0.227056
1258.203813	2.112343	0.227350
1259.259979	2.112411	0.227678
1260.316224	2.112578	0.227984
1261.372557	2.112299	0.228334
1262.428523	2.112122	0.228862
1263.484679	2.112422	0.229258
1264.540945	2.112279	0.229442
1265.596958	2.112146	0.230064
1266.653091	2.112654	0.230686
1267.709612	2.113017	0.230908
1268.766108	2.112786	0.231184
1269.822398	2.112490	0.231400
1270.878598	2.112305	0.231536
1271.934703	2.112322	0.231814
1272.990920	2.112363	0.232052
1274.047066	2.112079	0.232200
1275.102999	2.111694	0.232442
1276.158760	2.111487	0.232684
1277.214486	2.111988	0.233296
1278.270748	2.112224	0.233956
1279.326710	2.112153	0.234384
1280.382901	2.112400	0.234898
1281.439110	2.112327	0.235280
1282.495228	2.112491	0.235672
1283.551601	2.112719	0.236306
1284.607947	2.112703	0.236750
1285.664304	2.112656	0.237024
1286.720603	2.112291	0.237298
1287.776595	2.112539	0.237806
1288.833142	2.112509	0.238276
1289.889104	2.111707	0.238604
1290.944849	2.112207	0.238950
1292.001311	2.112990	0.239418
1293.057839	2.112647	0.239694
1294.113958	2.112125	0.239660
1295.169964	2.111846	0.240036
1296.225804	2.111716	0.240496
1297.281680	2.111920	0.240804
1298.337724	2.112077	0.241124
1299.393757	2.112311	0.241594
1300.450035	2.112376	0.242050
1301.506133	2.112058	0.242202
1302.562093	2.112111	0.242546
1303.618244	2.112282	0.243108
1304.674375	2.112329	0.243486
1305.730573	2.112329	0.243866
1306.786704	2.112212	0.244224
1307.842785	2.112191	0.244494
1308.898895	2.112262	0.244830
1309.955047	2.112189	0.245270
1311.011084	2.112263	0.245764
1312.067310	2.112391	0.246124
1313.123475	2.112529	0.246414
1314.179839	2.112503	0.246958
1315.235978	2.112350	0.247228
1316.292189	2.112488	0.247290
1317.348466	2.112432	0.247696
1318.404621	2.112342	0.247878
1319.460808	2.112219	0.248068
1320.516840	2.112128	0.248228
1321.572936	2.112214	0.248476
1322.629054	2.112197	0.248744
1323.685133	2.112120	0.248966
1324.741174	2.112021	0.249288
1325.797154	2.111913	0.249580
1326.853087	2.111930	0.249806
1327.909084	2.112204	0.250056
1328.965291	2.112243	0.250354
1330.021327	2.111999	0.250662
1331.077290	2.111989	0.251188
1332.133316	2.112042	0.251560
1333.189332	2.111993	0.251892
1334.245309	2.112094	0.252182
1335.301426	2.112142	0.252656
1336.357451	2.112158	0.253134
1337.413584	2.112195	0.253600
1338.469646	2.112095	0.254068
1339.525679	2.112124	0.254438
1340.581770	2.112318	0.254800
1341.637997	2.112288	0.255110
1342.694058	2.112149	0.255564
1343.750146	2.112368	0.256096
1344.806426	2.112492	0.256476
1345.862638	2.112335	0.256660
1346.918761	2.112178	0.256918
1347.974816	2.112088	0.257196
1349.030849	2.112137	0.257566
1350.086953	2.112192	0.257838
1351.143041	2.112178	0.258182
1352.199131	2.112123	0.258706
1353.255164	2.112152	0.259056
1354.311283	2.112249	0.259470
1355.367413	2.112303	0.259802
1356.423586	2.112353	0.260128
1357.479766	2.112265	0.260536
1358.535851	2.112197	0.260966
1359.591963	2.112284	0.261422
1360.648135	2.112193	0.261734
1361.704156	2.112230	0.262052
1362.760365	2.112249	0.262422
1363.816405	2.112137	0.262774
1364.872502	2.112207	0.263064
1365.928612	2.112283	0.263472
1366.984785	2.112330	0.263970
1368.040942	2.112294	0.264344
1369.097079	2.112129	0.264646
1370.153071	2.112156	0.264878
1371.209235	2.112365	0.265246
1372.265436	2.112375	0.265720
1373.321610	2.112320	0.266104
1374.377756	2.112166	0.266456
1375.433776	2.112025	0.266900
1376.489781	2.112145	0.267270
1377.545921	2.112203	0.267642
1378.601984	2.112080	0.268064
1379.658001	2.112089	0.268334
1380.714073	2.112229	0.268730
1381.770230	2.112266	0.269156
1382.826339	2.112251	0.269590
1383.882481	2.112138	0.269974
1384.938477	2.112045	0.270430
1385.994526	2.112119	0.270884
1387.050596	2.112140	0.271184
1388.106666	2.112207	0.271696
1389.162803	2.112199	0.272054
1390.218865	2.111999	0.272354
1391.274802	2.111928	0.272808
1392.330793	2.112188	0.273118
1393.386990	2.112263	0.273536
1394.443056	2.112096	0.274008
1395.499086	2.112138	0.274360
1396.555194	2.112169	0.274852
1397.611255	2.112148	0.275274
1398.667342	2.112146	0.275684
1399.723401	2.112258	0.276166
1400.779600	2.112219	0.276496
1401.835620	2.112105	0.276780
1402.891705	2.112183	0.277134
1403.947803	2.112241	0.277502
1405.003946	2.112207	0.277664
1406.060010	2.112170	0.277964
1407.116116	2.112064	0.278492
1408.172074	2.112056	0.278864
1409.228172	2.112239	0.279280
1410.284313	2.112346	0.279798
1411.340518	2.112375	0.280280
1412.396688	2.112161	0.280428
1413.452679	2.111962	0.280542
1414.508650	2.112017	0.280972
1415.564696	2.112243	0.281492
1416.620893	2.112263	0.281974
1417.676959	2.111973	0.282406
1418.732866	2.112052	0.282764
1419.789011	2.112208	0.283046
1420.845074	2.112095	0.283364
1421.901106	2.112088	0.283712
1422.957162	2.112159	0.283988
1424.013265	2.112134	0.284410
1425.069296	2.112151	0.284932
1426.125416	2.112179	0.285336
1427.181475	2.112165	0.285826
1428.237581	2.112122	0.286286
1429.293597	2.112075	0.286654
1430.349656	2.112097	0.287064
1431.405694	2.112143	0.287444
1432.461799	2.112134	0.287934
1433.517828	2.112122	0.288316
1434.573921	2.112275	0.288714
1435.630103	2.112236	0.289274
1436.686157	2.112149	0.289566
1437.742252	2.112287	0.289744
1438.798444	2.112217	0.290152
1439.854469	2.111992	0.290638
1440.910436	2.112151	0.290972
1441.966620	2.112234	0.291332
1443.022670	2.111878	0.291636
1444.078498	2.111931	0.291960
1445.134601	2.112176	0.292106
1446.190674	2.112150	0.292448
1447.246751	2.112207	0.292946
1448.302881	2.112219	0.293326
1449.358970	2.112147	0.294060
1450.415028	2.112230	0.294520
1451.471200	2.112051	0.294708
1452.527079	2.111943	0.295074
1453.583143	2.112056	0.295482
1454.639135	2.112181	0.295874
1455.695324	2.112166	0.296356
1456.751301	2.112003	0.296822
1457.807327	2.111975	0.297062
1458.863276	2.112070	0.297408
1459.919397	2.112176	0.297806
1460.975452	2.112198	0.298196
1462.031595	2.112154	0.298570
1463.087606	2.112079	0.298832
1464.143674	2.112279	0.299336
1465.199885	2.112079	0.299858
1466.255753	2.111817	0.300310
1467.311702	2.112112	0.300668
1468.367865	2.112196	0.301046
1469.423898	2.112069	0.301516
1470.479934	2.112221	0.301820
1471.536119	2.112307	0.302154
1472.592241	2.112061	0.302534
1473.648180	2.111939	0.302812
1474.704180	2.111972	0.303204
1475.760152	2.112017	0.303760
1476.816197	2.112038	0.304174
1477.872190	2.112079	0.304640
1478.928276	2.112109	0.305096
1479.984299	2.112139	0.305442
1481.040415	2.112141	0.305786
1482.096440	2.112123	0.306188
1483.152538	2.112115	0.306688
1484.208555	2.112069	0.307186
1485.264607	2.111964	0.307566
1486.320519	2.111883	0.307822
1487.376490	2.112275	0.308276
1488.432794	2.112385	0.308744
1489.488875	2.111970	0.309182
1490.544764	2.111982	0.309548
1491.600857	2.112191	0.309858
1492.656955	2.112327	0.310246
1493.713184	2.112216	0.310640
1494.769171	2.111972	0.311214
1495.825156	2.112010	0.311648
1496.881181	2.112021	0.311954
1497.937177	2.111985	0.312462
1498.993166	2.112068	0.312868
1500.049245	2.112120	0.313130
1501.105286	2.112139	0.313568
1502.161384	2.112080	0.314060
1503.217366	2.112081	0.314496
1504.273465	2.112110	0.314906
1505.329476	2.112040	0.315324
1506.385505	2.111985	0.315734
1507.441461	2.112055	0.316150
1508.497560	2.112134	0.316512
1509.553595	2.112175	0.316906
1510.609735	2.112256	0.317534
1511.665851	2.112144	0.317962
1512.721879	2.112011	0.318302
1513.777862	2.112038	0.318804
1514.833917	2.111967	0.319306
1515.889829	2.112032	0.319834
1516.945949	2.112202	0.320298
1518.002031	2.112118	0.320710
1519.058067	2.111839	0.320938
1520.113870	2.111559	0.321124
1521.169626	2.112077	0.321912
1522.225947	2.112490	0.322738
1523.282116	2.112037	0.323196
1524.337984	2.111928	0.323712
1525.394044	2.112051	0.324084
1526.450035	2.112284	0.324554
1527.506328	2.112421	0.325056
1528.562456	2.112024	0.325424
1529.618352	2.111538	0.325960
1530.673994	2.111544	0.326372
1531.729896	2.111864	0.326680
1532.785858	2.111731	0.327260
1533.841627	2.111830	0.327598
1534.897688	2.112601	0.328144
1535.954228	2.112703	0.328792
1537.010391	2.111774	0.329098
1538.066002	2.111346	0.329276
1539.121737	2.111670	0.329518
1540.177672	2.111879	0.330336
1541.233616	2.112055	0.330856
1542.289727	2.112272	0.331394
1543.345888	2.112250	0.332192
1544.401977	2.111933	0.332426
1545.457821	2.111846	0.332626
1546.513823	2.111643	0.333106
1547.569464	2.111304	0.333896
1548.625127	2.111550	0.334962
1549.681014	2.112148	0.335284
1550.737275	2.112315	0.335898
1551.793329	2.112127	0.336982
1552.849402	2.112156	0.337380
1553.905485	2.112134	0.338114
1554.961536	2.111959	0.338804
1556.017444	2.111770	0.339036
1557.073306	2.112144	0.339772
1558.129588	2.112795	0.340836
1559.186101	2.112737	0.341134
1560.242325	2.112417	0.341602
1561.298518	2.112412	0.342288
1562.354737	2.112532	0.342798
1563.411050	2.112333	0.343208
1564.467070	2.111823	0.342984
1565.522873	2.111622	0.342690
1566.578692	2.111560	0.343132
1567.634433	2.111649	0.343694
1568.690341	2.111980	0.344198
1569.746413	2.111929	0.344674
1570.802270	2.112001	0.345112
1571.858414	2.112540	0.346156
1572.914810	2.112270	0.346956
1573.970684	2.111556	0.347256
1575.026366	2.111790	0.347848
1576.082474	2.111904	0.348300
1577.138270	2.111492	0.348336
1578.193966	2.111720	0.349228
1579.249990	2.112737	0.350604
1580.306703	2.113111	0.351310
1581.363101	2.112470	0.351310
1582.419173	2.112298	0.351562
1583.475399	2.112302	0.351534
1584.531475	2.112113	0.351594
1585.587512	2.112006	0.352000
1586.643481	2.111533	0.352534
1587.699045	2.111802	0.353494
1588.755283	2.112318	0.353954
1589.811363	2.111991	0.354334
1590.867274	2.111845	0.354468
1591.923208	2.111740	0.354512
1592.979014	2.111606	0.354992
1594.034814	2.111653	0.355572
1595.090667	2.111884	0.355806
1596.146698	2.112052	0.355920
1597.202719	2.111745	0.356606
1598.258443	2.111906	0.357598
1599.314625	2.112336	0.358290
1600.370779	2.112113	0.358638
1601.426738	2.111869	0.359200
1602.482648	2.111914	0.359804
1603.538652	2.112001	0.360308
1604.594649	2.112176	0.360758
1605.650828	2.112182	0.361028
1606.706831	2.111815	0.361078
1607.762643	2.111667	0.361242
1608.818498	2.111568	0.361752
1609.874211	2.111432	0.362098
1610.929930	2.111888	0.362472
1611.986099	2.111662	0.363170
1613.041592	2.111087	0.363744
1614.097186	2.111714	0.364756
1615.153306	2.112501	0.365828
1616.209687	2.112847	0.366466
1617.266153	2.112856	0.367038
1618.322543	2.112439	0.367286
1619.378592	2.112005	0.367668
1620.434548	2.111967	0.368308
1621.490559	2.112083	0.368970
1622.546631	2.112248	0.369478
1623.602807	2.112388	0.369886
1624.659019	2.112246	0.369834
1625.715053	2.111862	0.369618
1626.770881	2.111670	0.370130
1627.826723	2.111730	0.370866
1628.882611	2.111553	0.371598
1629.938276	2.111758	0.372468
1630.994369	2.112258	0.373130
1632.050534	2.112431	0.373812
1633.106800	2.112319	0.374320
1634.162853	2.112169	0.374382
1635.218969	2.112350	0.375006
1636.275203	2.112575	0.376046
1637.331544	2.112499	0.376644
1638.387702	2.112216	0.377200
1639.443760	2.112170	0.377648
1640.499872	2.112435	0.377856
1641.556195	2.112329	0.377994
1642.612201	2.111953	0.378218
1643.668148	2.111615	0.378504
1644.723816	2.111008	0.378612
1645.779156	2.110892	0.379504
1646.834708	2.111771	0.380544
1647.890927	2.112702	0.382390
1648.947410	2.113006	0.383988
1650.003933	2.111972	0.382706
1651.059382	2.111192	0.382696
1652.115125	2.112201	0.384634
1653.171583	2.112998	0.385394
1654.228123	2.112612	0.385358
1655.284195	2.111679	0.385190
1656.339802	2.111535	0.385408
1657.395730	2.111436	0.385676
1658.451238	2.111089	0.385952
1659.506819	2.111424	0.386646
1660.562662	2.111562	0.387576
1661.618381	2.112006	0.388458
1662.674668	2.112481	0.389448
1663.730862	2.112508	0.390984
1664.787176	2.112588	0.391944
1665.843450	2.112530	0.392328
1666.899706	2.112451	0.392916
1667.955901	2.112122	0.392918
1669.011828	2.111906	0.392572
1670.067807	2.112084	0.392878
1671.123912	2.112192	0.393884
1672.179999	2.112114	0.394294
1673.236026	2.111915	0.394640
1674.291914	2.111838	0.394960
1675.347864	2.111794	0.394992
1676.403708	2.111627	0.395632
1677.459491	2.111690	0.396194
1678.515398	2.112064	0.396656
1679.571555	2.112123	0.397338
1680.627521	2.112070	0.398038
1681.683625	2.111866	0.398334
1682.739387	2.111643	0.398698
1683.795268	2.111984	0.399440
1684.851371	2.112013	0.400050
1685.907281	2.111751	0.400606
1686.963122	2.111919	0.401276
1688.019200	2.112094	0.401812
1689.075216	2.111895	0.402264
1690.131095	2.111958	0.402790
1691.187174	2.112248	0.403472
1692.243343	2.111748	0.404442
1693.298922	2.111957	0.405084
1694.355300	2.112671	0.405988
1695.411593	2.112023	0.406010
1696.467323	2.111462	0.405198
1697.523055	2.111838	0.405610
1698.579161	2.111781	0.405626
1699.634836	2.111816	0.406176
1700.690977	2.112123	0.406950
1701.746959	2.111765	0.407170
1702.802742	2.111697	0.408168
1703.858656	2.111969	0.408376
1704.914711	2.111960	0.407950
1705.970616	2.111607	0.408084
1707.026318	2.111583	0.408964
1708.082199	2.112230	0.409966
1709.138548	2.111746	0.411236
1710.193945	2.111318	0.412366
1711.249866	2.112106	0.412320
1712.306051	2.111834	0.412534
1713.361700	2.111545	0.413476
1714.417596	2.111939	0.414176
1715.473639	2.112348	0.414874
1716.529944	2.106815	0.415648
1717.580454	2.101867	0.407492
1718.631811	2.107313	0.399158
1719.687767	2.111851	0.399570
1720.743662	2.111980	0.400332
1721.799747	2.111589	0.401082
1722.855251	2.111748	0.400874
1723.911495	2.112357	0.400062
1724.967608	2.111785	0.400092
1726.023280	2.111094	0.400416
1727.078702	2.111268	0.400940
1728.134548	2.111804	0.401528
1729.190506	2.111810	0.401944
1730.246358	2.111685	0.402284
1731.302191	2.111667	0.402714
1732.358025	2.111598	0.403422
1733.413789	2.111512	0.403958
1734.469537	2.111829	0.404714
1735.525618	2.112148	0.405424
1736.581685	2.112941	0.405762
1737.638559	2.113514	0.405970
1738.695199	2.113469	0.405654
1739.752028	2.113824	0.405172
1740.809023	2.113166	0.405562
1741.865194	2.112360	0.406108
1742.921383	2.112165	0.406086
1743.977359	2.111909	0.406362
1745.033292	2.111618	0.406872
1746.088977	2.111701	0.407350
1747.144993	2.111903	0.407926
1748.200880	2.111681	0.408636
1749.256674	2.111640	0.409500
1750.312520	2.111845	0.410412
1751.368519	2.111920	0.411002
1752.424440	2.111984	0.411416
1753.480503	2.112191	0.412226
1754.536631	2.112293	0.412786
1755.592796	2.111922	0.412952
1756.648553	2.111638	0.413122
1757.704434	2.111782	0.414120
1758.760335	2.112048	0.415462
1759.816482	2.112183	0.416208
1760.872518	2.112006	0.416584
1761.928488	2.111941	0.416928
1762.984459	2.111930	0.417422
1764.040418	2.111716	0.417692
1765.096175	2.111637	0.418006
1766.152055	2.111889	0.418654
1767.208064	2.111985	0.419556
1768.264040	2.111866	0.420260
1769.319930	2.111940	0.420956
1770.375980	2.112014	0.421864
1771.431944	2.112085	0.422612
1772.488065	2.111904	0.423418
1773.543848	2.111654	0.424132
1774.599719	2.111777	0.424546
1775.655625	2.111924	0.425114
1776.711643	2.111912	0.425822
1777.767537	2.112017	0.426618
1778.823660	2.112138	0.427456
1779.879675	2.111960	0.428002
1780.935620	2.112129	0.428328
1781.991804	2.112017	0.428860
1783.047637	2.111546	0.429582
1784.103350	2.111712	0.430396
1785.159349	2.111793	0.430622
1786.215143	2.111691	0.430622
1787.271040	2.111506	0.431512
1788.326649	2.111897	0.432418
1789.382937	2.112162	0.433322
1790.438811	2.111975	0.434330
1791.494912	2.112457	0.434812
1792.551268	2.112280	0.435192
1793.607192	2.111678	0.435888
1794.662946	2.111568	0.436440
1795.718760	2.111876	0.436996
1796.774822	2.112122	0.437516
1797.830882	2.112152	0.437852
1798.886974	2.112070	0.438432
1799.942952	2.111956	0.439040
1800.998930	2.112051	0.439696
1802.055003	2.111749	0.440478
1803.110679	2.111581	0.441118
1804.166584	2.111729	0.441892
1805.222408	2.111790	0.442616
1806.278374	2.111916	0.443064
1807.334324	2.111896	0.443736
1808.390270	2.112075	0.444456
1809.446399	2.111910	0.444798
1810.502180	2.111550	0.445456
1811.557949	2.111723	0.446214
1812.613903	2.111833	0.446862
1813.669782	2.111827	0.447660
1814.725730	2.111860	0.448168
1815.781642	2.111847	0.448708
1816.837577	2.111654	0.449410
1817.893296	2.112043	0.450252
1818.949620	2.112047	0.452160
1820.005343	2.111928	0.452606
1821.061548	2.112037	0.451748
1822.117380	2.111822	0.452508
1823.173370	2.112234	0.454000
1824.229614	2.112420	0.454948
1825.285790	2.112302	0.455144
1826.341916	2.111967	0.456024
1827.397757	2.111500	0.456446
1828.453416	2.111418	0.456344
1829.509175	2.111567	0.456822
1830.564983	2.111520	0.457514
1831.620695	2.111323	0.458526
1832.676306	2.111372	0.459628
1833.732067	2.111946	0.460866
1834.788252	2.112498	0.461916
1835.844565	2.112240	0.462682
1836.900492	2.112030	0.463372
1837.956595	2.112205	0.463866
1839.012697	2.112128	0.463818
1840.068723	2.111927	0.463954
1841.124624	2.111734	0.465004
1842.180457	2.111495	0.465674
1843.236119	2.111630	0.466654
1844.292087	2.112077	0.468430
1845.348196	2.112556	0.469032
1846.404643	2.112633	0.469546
1847.460829	2.111668	0.471054
1848.516311	2.110434	0.471334
1849.571263	2.111876	0.471294
1850.628187	2.112776	0.472138
1851.684039	2.111593	0.472710
1852.739780	2.111720	0.473500
1853.795759	2.111665	0.474718
1854.851445	2.111865	0.475450
1855.907624	2.112519	0.475892
1856.963964	2.112440	0.476412
1858.020064	2.112118	0.476888
1859.076082	2.111163	0.477488
1860.131227	2.111095	0.478038
1861.187177	2.112566	0.478586
1862.243793	2.112229	0.479638
1863.299406	2.111473	0.480012
1864.355266	2.112337	0.479448
1865.411743	2.111932	0.480242
1866.467198	2.111246	0.481580
1867.522989	2.111672	0.481890
1868.578870	2.111709	0.482572
1869.634698	2.111607	0.483752
1870.690477	2.111748	0.484370
1871.746446	2.112070	0.485052
1872.802547	2.112375	0.485822
1873.858821	2.112278	0.487138
1874.914825	2.111281	0.488034
1875.970102	2.110783	0.488044
1877.025608	2.111247	0.488484
1878.081349	2.112048	0.489618
1879.137656	2.112425	0.490312
1880.193774	2.111336	0.490892
1881.248992	2.111321	0.492324
1882.305095	2.112423	0.493030
1883.361415	2.112221	0.493462
1884.417316	2.111901	0.493228
1885.473316	2.110180	0.493264
1886.527496	2.110910	0.494044
1887.584226	2.112498	0.494456
1888.639994	2.111752	0.495400
1889.695978	2.111851	0.496276
1890.751845	2.111811	0.496954
1891.807789	2.112295	0.497926
1892.864140	2.112016	0.499444
1893.919805	2.111464	0.500938
1894.975604	2.111842	0.501892
1896.031647	2.112123	0.502466
1897.087727	2.112117	0.503090
1898.143764	2.111739	0.503812
1899.199466	2.111828	0.504472
1900.255592	2.112132	0.505060
1901.311598	2.111736	0.505408
1902.367328	2.111810	0.505888
1903.423408	2.111931	0.506732
1904.479259	2.111820	0.507586
1905.535228	2.111769	0.508344
1906.591028	2.111745	0.508984
1907.646973	2.111777	0.509722
1908.702805	2.111771	0.510522
1909.758744	2.111754	0.511272
1910.814559	2.111753	0.512034
1911.870497	2.111783	0.512770
1912.926342	2.111816	0.513448
1913.982313	2.111721	0.514202
1915.038063	2.111646	0.515022
1916.093959	2.111824	0.515634
1917.149887	2.111821	0.516334
1918.205780	2.111757	0.517196
1919.261644	2.111777	0.517932
1920.317557	2.111700	0.518654
1921.373344	2.111958	0.519236
1922.429515	2.112030	0.520170
1923.485374	2.111815	0.521212
1924.541330	2.111697	0.521960
1925.597071	2.111407	0.522854
1926.652737	2.111472	0.523658
1927.708543	2.111751	0.524370
1928.764488	2.111824	0.525128
1929.820367	2.111903	0.525838
1930.876391	2.111899	0.526554
1931.932266	2.111986	0.527264
1932.988377	2.111813	0.528242
1934.044079	2.111685	0.528634
1935.100062	2.111817	0.529076
1936.155896	2.111567	0.530112
1937.211629	2.111700	0.530714
1938.267596	2.111922	0.531524
1939.323551	2.111810	0.532398
1940.379406	2.111811	0.532980
1941.435362	2.111825	0.533580
1942.491231	2.111796	0.534406
1943.547158	2.111848	0.535268
1944.603079	2.111925	0.536082
1945.659083	2.111758	0.536974
1946.714837	2.111718	0.537862
1947.770801	2.111774	0.538790
1948.826611	2.111758	0.539682
1949.882559	2.111770	0.540510
1950.938381	2.111871	0.541362
1951.994430	2.111909	0.542088
1953.050290	2.111742	0.542852
1954.106172	2.111676	0.543756
1955.161966	2.111702	0.544556
1956.217874	2.111685	0.545412
1957.273651	2.111770	0.546122
1958.329644	2.111918	0.546828
1959.385569	2.111924	0.547622
1960.441568	2.111786	0.548380
1961.497355	2.111671	0.549238
1962.553239	2.111683	0.550190
1963.609038	2.111706	0.550960
1964.664945	2.111718	0.551702
1965.720756	2.111716	0.552432
1966.776661	2.111706	0.553282
1967.832462	2.111777	0.554384
1968.888438	2.111843	0.555032
1969.944305	2.111914	0.555706
1971.000352	2.111831	0.556700
1972.056136	2.111523	0.557412
1973.111875	2.111553	0.557894
1974.167689	2.111879	0.558546
1975.223754	2.112014	0.559296
1976.279703	2.111909	0.560046
1977.335663	2.110811	0.561206
1978.390514	2.112965	0.562452
1979.448628	2.113204	0.564060
1980.503718	2.110605	0.565056
1981.559233	2.110866	0.565274
1982.614584	2.111086	0.565912
1983.670319	2.111566	0.566746
1984.726150	2.111904	0.567612
1985.782223	2.112027	0.568290
1986.838177	2.111543	0.569550
1987.893766	2.111601	0.571272
1988.949778	2.112183	0.573036
1990.005949	2.111855	0.573854
1991.061633	2.111648	0.573954
1992.117597	2.111308	0.574770
1993.172941	2.111586	0.575474
1994.229183	2.112065	0.576782
1995.285006	2.111916	0.578312
1996.341099	2.111951	0.579334
1997.396957	2.112013	0.579954
1998.453112	2.111932	0.580564
1999.508889	2.111617	0.581450
2000.564729	2.111518	0.582386
2001.620407	2.111704	0.583450
2002.676433	2.111736	0.584202
2003.732143	2.111684	0.584718
2004.788117	2.111849	0.585802
2005.843992	2.111790	0.587048
2006.899907	2.111630	0.587858
2007.955622	2.111579	0.588624
2009.011486	2.112106	0.588992
2010.067728	2.112469	0.589912
2011.123955	2.111707	0.592114
2012.179435	2.111166	0.594470
2013.235121	2.111388	0.593994
2014.290823	2.111585	0.592602
2015.346706	2.112036	0.593828
2016.402859	2.112129	0.595462
2017.458835	2.111346	0.596610
2018.514205	2.111387	0.597642
2019.570222	2.111772	0.599136
2020.625977	2.111784	0.600442
2021.682006	2.111924	0.600860
2022.737901	2.111764	0.601478
2023.793770	2.111593	0.602828
2024.849494	2.111900	0.603740
2025.905670	2.111935	0.605012
2026.961429	2.111891	0.606002
2028.017561	2.111994	0.606706
2029.073423	2.111855	0.608170
2030.129416	2.111209	0.609816
2031.184632	2.111069	0.610832
2032.240485	2.111678	0.611762
2033.296310	2.111586	0.612732
2034.352071	2.111479	0.613802
2035.407789	2.112125	0.614970
2036.464196	2.111984	0.616156
2037.519773	2.110986	0.617238
2038.575182	2.111591	0.617696
2039.631364	2.112641	0.618716
2040.687823	2.111762	0.620470
2041.743126	2.111322	0.621652
2042.799145	2.111750	0.622782
2043.854876	2.111796	0.624296
2044.910941	2.111758	0.625194
2045.966634	2.111819	0.625780
2047.022760	2.111865	0.627048
2048.078499	2.111775	0.628466
2049.134535	2.111856	0.629190
2050.190355	2.111750	0.629774
2051.246285	2.111413	0.631086
2052.301768	2.111771	0.631588
2053.358056	2.112145	0.632768
2054.413913	2.111530	0.634654
2055.469586	2.111411	0.635652
2056.525324	2.111310	0.636236
2057.580896	2.111235	0.637236
2058.636559	2.111843	0.638686
2059.692739	2.111869	0.639826
2060.748428	2.111582	0.641080
2061.804321	2.111697	0.642470
2062.860125	2.111932	0.643426
2063.916253	2.111884	0.645042
2064.972009	2.112155	0.646658
2066.028408	2.112160	0.647408
2067.084169	2.111416	0.648966
2068.139824	2.111383	0.650048
2069.195552	2.111914	0.650344
2070.251738	2.111879	0.651632
2071.307431	2.111426	0.652834
2072.363164	2.111713	0.653548
2073.419144	2.112054	0.654592
2074.475218	2.111814	0.656392
2075.530958	2.111948	0.657044
2076.587166	2.111188	0.658404
2077.642146	2.111111	0.660748
2078.698277	2.112000	0.661966
2079.754146	2.111877	0.663104
2080.810154	2.111540	0.664304
2081.865686	2.111450	0.665480
2082.921604	2.112608	0.666412
2083.978294	2.111835	0.667460
2085.033439	2.109914	0.668862
2086.088208	2.111812	0.669792
2087.145251	2.112501	0.671266
2088.200709	2.111539	0.673186
2089.256790	2.111765	0.674928
2090.312474	2.111678	0.676372
2091.368468	2.111341	0.677160
2092.423815	2.111565	0.678006
2093.480033	2.112005	0.679722
2094.535820	2.111864	0.681276
2095.591897	2.111610	0.682582
2096.647430	2.111710	0.684196
2097.703607	2.111572	0.686194
2098.759002	2.111737	0.687936
2099.815344	2.112135	0.689272
2100.871137	2.111113	0.690486
2101.926457	2.111444	0.690766
2102.982581	2.111925	0.691194
2104.038382	2.111790	0.691380
2105.094371	2.111898	0.691338
2106.150280	2.111814	0.692372
2107.206185	2.112078	0.693302
2108.262358	2.112113	0.695624
2109.318298	2.110980	0.698004
2110.373338	2.111113	0.698008
2111.429411	2.112849	0.697490
2112.486187	2.111940	0.699366
2113.541351	2.111630	0.701918
2114.597817	2.111862	0.705186
2115.653213	2.111767	0.708278
2116.709584	2.112353	0.709692
2117.765566	2.111307	0.709448
2118.820891	2.110424	0.706330
2119.875990	2.111399	0.705324
2120.932290	2.111939	0.706872
2121.987929	2.112272	0.708878
2123.044562	2.111434	0.712644
2124.099363	2.110857	0.715306
2125.155419	2.111574	0.717106
2126.210937	2.111631	0.718302
2127.267050	2.111906	0.719320
2128.322843	2.112060	0.720582
2129.379110	2.112308	0.722588
2130.435151	2.111848	0.724530
2131.490958	2.110704	0.727400
2132.545855	2.110578	0.730134
2133.601536	2.111378	0.731416
2134.657233	2.112474	0.733210
2135.714010	2.111794	0.737300
2136.769027	2.110735	0.739886
2137.824745	2.112279	0.739870
2138.881306	2.113080	0.740216
2139.937825	2.112296	0.741642
2140.993602	2.111904	0.742984
2142.049729	2.111217	0.745158
2143.104819	2.111977	0.746502
2144.161706	2.112154	0.748388
2145.216973	2.111599	0.751126
2146.273305	2.111171	0.754906
2147.328144	2.110438	0.758028
2148.383743	2.111422	0.758718
2149.439566	2.113453	0.758728
2150.497196	2.112441	0.761160
2151.552007	2.110053	0.763734
2152.607249	2.111166	0.765454
2153.663173	2.113030	0.766646
2154.720279	2.111966	0.769750
2155.775139	2.110457	0.772410
2156.830736	2.111001	0.773528
2157.886140	2.113404	0.774764
2158.944140	2.112347	0.781764
2159.998487	2.112587	0.787230
2161.056727	2.113558	0.793118
2162.112045	2.109635	0.796430
2163.166362	2.110600	0.795192
2164.222645	2.113636	0.795890
2165.279998	2.112864	0.800604
2166.335509	2.111558	0.804074
2167.391556	2.112215	0.805828
2168.447724	2.112906	0.806696
2169.504462	2.112097	0.810148
2170.559821	2.112001	0.811874
2171.616463	2.111852	0.811818
2172.671673	2.113901	0.811418
2173.730364	2.113425	0.819660
2174.785098	2.110942	0.823832
2175.841306	2.111131	0.826552
2176.896229	2.108340	0.828754
2177.949646	2.110613	0.825752
2179.006842	2.335355	0.824496
2180.285001	3.159711	1.271106
2182.166553	3.993648	1.733354
2184.278649	4.224076	1.735910
2186.390629	4.223059	1.738282
2188.501708	4.223734	1.740164
2190.614363	4.224786	1.742966
2192.726494	4.223719	1.745768
2194.838082	4.223266	1.748388
2196.949760	4.222956	1.752348
2199.061038	4.222709	1.754968
2201.172469	4.223013	1.757682
2203.284051	4.223413	1.759502
2205.395882	4.223798	1.761296
2207.507849	4.223535	1.765154
2209.619417	4.223585	1.767014
2211.731434	4.224129	1.767028
2213.843546	4.223210	1.767292
2215.954644	4.223280	1.768932
2218.066826	4.224980	1.774184
2220.179624	4.224783	1.779244
2222.291609	4.224016	1.781450
2224.403640	4.223485	1.780492
2226.515094	4.222691	1.781020
2228.626331	4.222725	1.784218
2230.737819	4.222957	1.786226
2232.849288	4.223129	1.787980
2234.960948	4.223212	1.788912
2237.072500	4.222936	1.791844
2239.183884	4.222876	1.797876
2241.295376	4.223694	1.804696
2243.407578	4.223346	1.812312
2245.518722	4.223047	1.816040
2247.630625	4.224307	1.814442
2249.743029	4.223165	1.815694
2251.853790	4.222209	1.820360
2253.965238	4.223403	1.822392
2256.077193	4.224167	1.823434
2258.189405	4.224978	1.825042
2260.302171	4.223737	1.827754
2262.413142	4.221647	1.833300
2264.523818	4.223192	1.838436
2266.636334	4.224729	1.842380
2268.748547	4.224137	1.845458
2270.860471	4.222894	1.852794
2272.971441	4.222966	1.857666
2275.083437	4.223887	1.856882
2277.195328	4.223075	1.857548
2279.306512	4.223640	1.859316
2281.418968	4.223616	1.864384
2283.530128	4.223162	1.870188
2285.642130	4.223515	1.876824
2287.753643	4.223102	1.879666
2289.865232	4.224184	1.879068
2291.977827	4.224199	1.880786
2294.089431	4.223395	1.881974
2296.201222	4.224026	1.884788
2298.313457	4.224418	1.891862
2300.425640	4.223206	1.900152
2302.536663	4.223851	1.905402
2304.649491	4.222140	1.910782
2306.758803	4.220760	1.912374
2308.870251	4.227782	1.909978
2310.986585	4.228081	1.916230
2313.098332	4.223290	1.929424
2315.209875	4.223680	1.939778
2317.322012	4.223895	1.948300
2319.433770	4.224229	1.955060
2321.546241	4.225342	1.959746
2323.659112	4.225841	1.967268
2325.772082	4.225856	1.976684
2327.884968	4.225908	1.986920
2329.997990	4.226977	1.997276
