#Creator: pendulumviewEventBuffer
#Creation time: Sun Jan 11 01:39:54 2009
#Time A	Pos A	Time B	Pos B
#[s]	[au]	[s]	[au]
0.024	448	0.050	611
0.076	448	0.101	610
0.126	448	0.151	611
0.177	447	0.203	610
0.227	448	0.253	611
0.278	448	0.304	612
0.329	447	0.354	610
0.380	447	0.405	611
0.430	447	0.455	610
0.481	448	0.507	611
0.531	448	0.557	609
0.582	448	0.608	610
0.633	446	0.658	612
0.684	449	0.709	611
0.734	447	0.760	611
0.785	449	0.811	611
0.835	447	0.861	611
0.887	446	0.912	605
0.937	448	0.962	595
0.988	448	1.014	577
1.038	448	1.064	554
1.089	447	1.115	527
1.140	448	1.165	501
1.191	448	1.216	469
1.241	447	1.266	441
1.292	448	1.318	412
1.342	447	1.368	389
1.393	449	1.419	370
1.444	448	1.469	356
1.495	448	1.520	349
1.545	449	1.571	347
1.596	447	1.622	354
1.646	448	1.672	364
1.698	448	1.723	383
1.748	447	1.773	405
1.799	447	1.825	431
1.849	448	1.875	459
1.900	447	1.926	489
1.951	448	1.976	518
2.002	448	2.027	545
2.052	448	2.077	568
2.103	448	2.129	587
2.153	447	2.179	599
2.204	448	2.230	606
2.255	447	2.280	607
2.306	448	2.331	601
2.357	448	2.382	589
2.407	448	2.433	571
2.458	448	2.483	550
2.509	449	2.534	523
2.560	449	2.584	496
2.610	448	2.636	467
2.661	448	2.686	439
2.711	448	2.737	413
2.763	448	2.787	390
2.813	447	2.838	372
2.864	448	2.889	358
2.914	446	2.940	352
2.965	448	2.990	353
3.015	448	3.041	358
3.067	447	3.091	370
3.117	448	3.142	389
3.168	447	3.193	410
3.218	446	3.244	437
3.269	447	3.294	464
3.320	447	3.345	491
3.371	447	3.395	520
3.421	446	3.447	545
3.472	447	3.497	568
3.522	449	3.548	585
3.574	447	3.598	598
3.624	447	3.649	604
3.675	448	3.700	604
3.725	449	3.751	597
3.776	448	3.801	585
3.826	449	3.852	568
3.878	448	3.902	546
3.928	448	3.953	520
3.979	448	4.004	493
4.029	448	4.055	464
4.080	447	4.105	437
4.131	448	4.156	412
4.182	449	4.206	389
4.232	447	4.258	373
4.283	447	4.308	361
4.333	448	4.359	356
4.385	448	4.409	356
4.435	447	4.460	363
4.486	447	4.511	376
4.536	447	4.562	392
4.587	447	4.612	413
4.637	447	4.663	440
4.689	447	4.713	468
4.739	447	4.764	496
4.790	448	4.815	522
4.840	447	4.866	548
4.891	447	4.916	568
4.942	448	4.967	585
4.993	447	5.017	595
5.043	448	5.069	601
5.094	447	5.119	600
5.144	449	5.170	593
5.196	449	5.220	581
5.246	448	5.271	563
5.297	449	5.322	543
5.347	449	5.373	515
5.398	448	5.424	489
5.449	447	5.474	462
5.500	448	5.525	435
5.550	446	5.575	411
5.601	448	5.627	391
5.651	447	5.677	374
5.702	447	5.728	363
5.753	447	5.778	357
5.804	447	5.829	360
5.854	447	5.880	367
5.905	447	5.931	380
5.955	447	5.981	399
6.007	448	6.032	419
6.057	448	6.082	443
6.108	448	6.134	470
6.158	448	6.184	498
6.209	447	6.235	524
6.260	447	6.285	548
6.311	449	6.336	568
6.361	449	6.386	583
6.412	448	6.438	594
6.462	448	6.488	597
6.513	448	6.539	598
6.564	448	6.589	590
6.615	449	6.640	577
6.665	448	6.691	558
6.716	449	6.742	538
6.766	448	6.792	512
6.818	447	6.843	487
6.868	446	6.893	459
6.919	447	6.945	433
6.969	448	6.995	410
7.020	448	7.046	392
7.071	448	7.096	375
7.122	447	7.147	364
7.172	447	7.197	362
7.223	448	7.249	363
7.273	446	7.299	370
7.324	447	7.350	385
7.375	445	7.400	402
7.426	447	7.451	423
7.476	448	7.502	449
7.527	447	7.553	474
7.577	448	7.603	501
7.629	447	7.654	526
7.679	449	7.704	549
7.730	448	7.756	567
7.780	449	7.806	581
7.831	450	7.857	593
7.882	449	7.907	595
7.933	448	7.958	593
7.983	448	8.009	587
8.034	449	8.060	573
8.084	448	8.110	554
8.135	448	8.161	534
8.186	446	8.211	508
8.237	447	8.262	483
8.288	446	8.313	457
8.338	446	8.364	432
8.389	448	8.414	410
8.440	448	8.465	391
8.491	447	8.515	378
8.541	447	8.567	368
8.592	447	8.617	365
8.642	449	8.668	367
8.694	447	8.718	374
8.744	447	8.769	389
8.795	448	8.820	405
8.845	448	8.871	428
8.896	448	8.921	452
8.946	447	8.972	478
8.998	448	9.022	503
9.048	447	9.073	527
9.099	448	9.124	549
9.149	448	9.175	568
9.200	448	9.225	581
9.251	448	9.276	590
9.302	448	9.326	593
9.352	448	9.378	591
9.403	448	9.428	581
9.453	448	9.479	568
9.505	448	9.529	550
9.555	448	9.580	530
9.606	448	9.631	505
9.656	448	9.682	480
9.707	447	9.732	455
9.757	447	9.783	431
9.809	447	9.833	410
9.859	447	9.884	392
9.910	447	9.935	378
9.960	448	9.986	369
10.011	448	10.036	367
10.062	448	10.087	370
10.113	447	10.137	378
10.163	448	10.189	392
10.214	448	10.239	409
10.264	448	10.290	432
10.316	447	10.340	456
10.366	448	10.391	480
10.417	449	10.442	505
10.467	448	10.493	529
10.518	448	10.543	550
10.569	448	10.594	568
10.620	448	10.644	580
10.670	448	10.695	587
10.721	448	10.746	590
10.771	447	10.797	586
10.822	448	10.847	578
10.873	448	10.898	564
10.924	447	10.948	545
10.974	448	11.000	525
11.025	448	11.050	501
11.075	449	11.101	477
11.127	448	11.151	453
11.177	448	11.202	430
11.228	447	11.253	409
11.278	447	11.304	392
11.329	448	11.355	379
11.380	448	11.405	372
11.431	448	11.456	369
11.481	448	11.506	374
11.532	448	11.558	383
11.582	448	11.608	396
11.633	448	11.659	415
11.684	448	11.709	435
11.735	448	11.760	459
11.785	447	11.811	483
11.836	448	11.862	507
11.886	448	11.912	530
11.938	448	11.963	549
11.988	448	12.013	565
12.039	447	12.065	577
12.089	448	12.115	586
12.140	446	12.166	588
12.191	449	12.216	583
12.242	448	12.267	574
12.292	448	12.317	561
12.343	448	12.369	543
12.393	447	12.419	522
12.444	447	12.470	498
12.495	448	12.520	474
12.546	448	12.571	452
12.596	448	12.622	429
12.647	448	12.673	409
12.697	448	12.723	391
12.749	448	12.774	381
12.799	447	12.824	375
12.850	447	12.876	373
12.900	448	12.926	377
12.951	448	12.977	388
13.002	447	13.027	401
13.053	447	13.078	418
13.103	447	13.129	439
13.154	447	13.180	463
13.204	448	13.230	487
13.255	447	13.281	510
13.306	447	13.331	533
13.357	448	13.382	552
13.407	448	13.433	567
13.458	447	13.484	576
13.508	448	13.534	584
13.560	447	13.585	584
13.610	448	13.635	580
13.661	447	13.687	571
13.711	448	13.737	556
13.762	448	13.788	538
13.813	449	13.838	518
13.864	448	13.889	496
13.914	448	13.940	471
13.965	448	13.991	448
14.015	448	14.041	428
14.066	447	14.092	409
14.117	448	14.142	392
14.168	448	14.193	383
14.218	448	14.244	377
14.269	447	14.295	376
14.319	447	14.345	381
14.371	449	14.396	390
14.421	446	14.446	405
14.472	448	14.498	422
14.522	448	14.548	443
14.573	447	14.599	466
14.624	448	14.649	489
14.675	448	14.700	510
14.725	447	14.751	533
14.776	448	14.802	550
14.826	448	14.852	565
14.877	448	14.903	576
14.928	448	14.953	581
14.979	448	15.004	582
15.029	449	15.055	577
15.080	448	15.106	566
15.130	449	15.156	553
15.182	447	15.207	535
15.232	449	15.257	515
15.283	447	15.309	493
15.333	448	15.359	469
15.384	447	15.410	448
15.435	448	15.460	426
15.486	448	15.511	408
15.536	448	15.562	394
15.587	447	15.613	384
15.637	447	15.663	379
15.689	448	15.714	380
15.739	446	15.764	384
15.790	447	15.815	394
15.840	447	15.866	409
15.891	448	15.917	426
15.941	448	15.967	447
15.993	447	16.018	468
16.043	447	16.068	491
16.094	447	16.120	512
16.144	448	16.170	533
16.195	447	16.221	550
16.246	448	16.271	564
16.297	446	16.322	574
16.347	447	16.373	579
16.398	447	16.424	578
16.448	449	16.474	573
16.500	448	16.525	563
16.550	449	16.575	550
16.601	448	16.626	532
16.651	447	16.677	512
16.702	448	16.728	490
16.752	448	16.778	467
16.804	449	16.829	445
16.854	448	16.879	426
16.905	448	16.931	408
16.955	448	16.981	396
17.006	448	17.032	388
17.057	446	17.082	381
17.108	447	17.133	383
17.158	448	17.184	388
17.209	446	17.235	398
17.259	447	17.285	412
17.311	448	17.336	430
17.361	448	17.386	450
17.412	447	17.437	471
17.462	447	17.488	494
17.513	448	17.539	514
17.563	446	17.589	534
17.615	448	17.640	551
17.665	448	17.690	564
17.716	447	17.742	572
17.766	448	17.792	576
17.817	448	17.843	575
17.868	449	17.893	569
17.919	448	17.944	560
17.969	449	17.995	545
18.020	448	18.046	528
18.070	447	18.096	507
18.122	448	18.147	487
18.172	448	18.197	465
18.223	448	18.249	445
18.273	448	18.299	425
18.324	448	18.350	409
18.374	447	18.400	397
18.426	448	18.451	388
18.476	447	18.501	385
18.527	447	18.553	385
18.577	447	18.603	392
18.628	447	18.654	401
18.679	447	18.704	416
18.730	447	18.755	434
18.780	448	18.806	453
18.831	447	18.857	475
18.881	447	18.907	495
18.933	447	18.958	516
18.983	447	19.008	535
19.034	449	19.060	551
19.084	449	19.110	563
19.135	448	19.161	571
19.185	450	19.211	574
19.237	449	19.262	573
19.287	449	19.312	566
19.338	448	19.364	557
19.388	448	19.414	542
19.439	448	19.465	524
19.490	448	19.515	505
19.541	448	19.566	484
19.591	447	19.617	464
19.642	447	19.668	443
19.692	447	19.718	425
19.744	448	19.769	410
19.794	447	19.819	398
19.845	448	19.871	391
19.895	447	19.921	386
19.946	447	19.972	388
19.996	447	20.022	394
20.048	448	20.073	405
20.098	448	20.123	420
20.149	447	20.175	437
20.199	448	20.225	456
20.250	447	20.276	477
20.302	448	20.326	499
20.352	448	20.377	517
20.403	448	20.428	535
20.453	449	20.479	551
20.504	448	20.529	562
20.555	448	20.580	569
20.606	448	20.630	571
20.656	448	20.682	569
20.707	447	20.732	562
20.757	448	20.783	553
20.809	448	20.833	539
20.859	448	20.884	522
20.910	448	20.934	502
20.960	448	20.986	482
21.011	447	21.036	461
21.061	447	21.087	442
21.113	448	21.137	424
21.163	448	21.188	409
21.214	447	21.239	398
21.264	447	21.290	391
21.315	447	21.340	389
21.366	448	21.391	392
21.417	447	21.441	399
21.467	448	21.493	409
21.518	447	21.543	422
21.568	448	21.594	440
21.620	448	21.644	460
21.670	448	21.695	478
21.721	448	21.745	501
21.771	448	21.797	518
21.822	448	21.847	536
21.872	448	21.898	550
21.924	447	21.948	560
21.974	447	21.999	567
22.025	447	22.050	569
22.075	448	22.101	566
22.126	448	22.151	560
22.177	448	22.202	548
22.228	448	22.252	535
22.278	448	22.304	519
22.329	448	22.354	498
22.379	447	22.405	479
22.431	448	22.455	460
22.481	448	22.506	441
22.532	448	22.556	424
22.582	449	22.608	411
22.633	449	22.658	400
22.683	448	22.709	395
22.735	447	22.759	392
22.785	448	22.810	395
22.836	447	22.861	401
22.886	448	22.912	413
22.937	448	22.962	427
22.988	448	23.013	444
23.039	448	23.063	462
23.089	447	23.115	482
23.140	448	23.165	502
23.190	447	23.216	519
23.242	448	23.266	537
23.292	448	23.317	550
23.343	448	23.367	560
23.393	447	23.419	565
23.444	448	23.470	566
23.494	448	23.520	564
23.546	449	23.571	557
23.596	447	23.621	545
23.647	448	23.673	530
23.697	448	23.723	515
23.748	448	23.774	497
23.799	447	23.824	477
23.850	447	23.875	458
23.900	447	23.926	439
23.951	447	23.977	424
24.001	448	24.027	412
24.053	447	24.078	402
24.103	448	24.128	396
24.154	447	24.180	395
24.204	448	24.230	397
24.255	448	24.281	405
24.305	447	24.331	417
24.357	448	24.382	431
24.407	448	24.432	447
24.458	447	24.484	466
24.508	448	24.534	485
24.559	448	24.585	503
24.610	448	24.635	521
24.661	449	24.686	537
24.711	447	24.737	550
24.762	447	24.788	558
24.812	448	24.838	563
24.864	448	24.889	564
24.914	448	24.939	561
24.965	448	24.991	554
25.015	448	25.041	544
25.066	448	25.092	528
25.116	448	25.142	513
25.168	447	25.193	493
25.218	448	25.243	475
25.269	448	25.295	457
25.319	447	25.345	440
25.370	448	25.396	424
25.421	448	25.446	412
25.472	448	25.497	403
25.522	448	25.548	398
25.573	448	25.599	398
25.623	448	25.649	400
25.675	447	25.700	408
25.725	448	25.750	418
25.776	448	25.802	433
25.826	448	25.852	450
25.877	448	25.903	468
25.927	448	25.953	486
25.979	448	26.004	505
26.029	448	26.054	522
26.080	448	26.106	537
26.130	447	26.156	548
26.181	448	26.207	557
26.232	448	26.257	560
26.283	448	26.308	562
26.333	448	26.359	558
26.384	447	26.410	548
26.434	448	26.460	538
26.486	449	26.511	524
26.536	448	26.561	508
26.587	448	26.613	491
26.637	448	26.663	473
26.688	448	26.714	455
26.738	448	26.764	439
26.790	447	26.815	424
26.840	447	26.865	413
26.891	446	26.917	405
26.941	449	26.967	400
26.992	447	27.018	400
27.043	448	27.068	404
27.094	447	27.119	412
27.145	447	27.170	423
27.195	447	27.221	438
27.246	448	27.271	454
27.297	447	27.322	471
27.348	449	27.372	489
27.398	447	27.424	506
27.449	447	27.474	523
27.499	448	27.525	537
27.551	448	27.575	547
27.601	449	27.626	555
27.652	448	27.676	560
27.702	448	27.728	559
27.753	447	27.778	554
27.803	448	27.829	546
27.855	448	27.879	535
27.905	449	27.930	521
27.956	448	27.981	506
28.006	447	28.032	488
28.057	448	28.082	471
28.108	448	28.133	454
28.159	448	28.183	438
28.209	447	28.235	424
28.260	448	28.285	415
28.310	448	28.336	406
28.362	448	28.386	403
28.412	448	28.437	404
28.463	447	28.487	408
28.513	447	28.539	414
28.564	448	28.589	427
28.614	448	28.640	442
28.666	447	28.690	455
28.716	448	28.741	473
28.767	448	28.792	491
28.817	448	28.843	507
28.868	449	28.893	524
28.919	448	28.944	537
28.970	446	28.994	546
29.020	449	29.046	554
29.071	448	29.096	558
29.121	448	29.147	556
29.173	448	29.197	551
29.223	448	29.248	545
29.274	449	29.298	533
29.324	447	29.350	518
29.375	448	29.400	504
29.425	448	29.451	486
29.477	446	29.501	469
29.527	447	29.552	452
29.578	449	29.603	438
29.628	448	29.654	424
29.679	447	29.704	415
29.730	446	29.755	408
29.781	447	29.805	404
29.831	448	29.857	406
29.882	446	29.907	410
29.932	447	29.958	418
29.984	447	30.008	428
30.034	448	30.059	443
30.085	448	30.109	459
30.135	447	30.161	476
30.186	447	30.212	493
30.236	448	30.262	510
30.288	448	30.313	524
30.338	449	30.363	536
30.389	448	30.415	545
30.439	448	30.465	553
30.490	448	30.516	555
30.541	448	30.566	553
30.592	447	30.617	549
30.642	447	30.668	543
30.693	448	30.719	531
30.743	447	30.769	516
30.795	448	30.820	500
30.845	448	30.870	483
30.896	448	30.922	468
30.946	448	30.972	453
30.997	448	31.023	438
31.047	447	31.073	426
31.099	448	31.124	417
31.149	448	31.174	410
31.200	448	31.226	408
31.250	447	31.276	408
31.301	448	31.327	412
31.352	448	31.377	422
31.403	448	31.428	433
31.453	448	31.479	447
31.504	447	31.530	462
31.554	448	31.580	478
31.606	447	31.631	493
31.656	447	31.681	510
31.707	448	31.733	524
31.757	448	31.783	535
31.808	448	31.834	546
31.858	448	31.884	551
31.910	448	31.935	554
31.960	449	31.985	550
32.011	448	32.037	547
32.061	448	32.087	538
32.112	448	32.138	527
32.163	448	32.188	512
32.214	447	32.239	498
32.264	448	32.290	482
32.315	447	32.341	466
32.365	448	32.391	451
32.417	448	32.442	437
32.467	449	32.492	426
32.518	448	32.544	417
32.568	447	32.594	410
32.619	448	32.645	410
32.669	447	32.695	411
32.721	448	32.746	417
32.771	447	32.796	425
32.822	448	32.848	434
32.872	448	32.898	450
32.923	446	32.949	463
32.974	448	32.999	480
33.025	447	33.050	496
33.075	448	33.101	511
33.126	448	33.152	524
33.176	446	33.202	536
33.228	449	33.253	543
33.278	447	33.303	549
33.329	448	33.355	550
33.379	448	33.405	548
33.430	448	33.456	543
33.481	448	33.506	535
33.532	448	33.557	525
33.582	448	33.607	511
33.633	448	33.659	496
33.683	449	33.709	480
33.734	449	33.760	465
33.785	447	33.810	450
33.836	448	33.861	437
33.886	447	33.912	426
33.937	448	33.963	419
33.987	447	34.013	414
34.039	448	34.064	411
34.089	448	34.114	414
34.140	447	34.166	419
34.190	447	34.216	428
34.241	447	34.267	439
34.292	447	34.317	453
34.343	447	34.368	466
34.393	449	34.418	482
34.444	448	34.470	497
34.494	448	34.520	511
34.545	447	34.571	524
34.596	448	34.621	534
34.647	447	34.672	541
34.698	448	34.723	546
34.748	448	34.774	549
34.799	449	34.824	547
34.850	448	34.875	537
34.901	448	34.925	532
34.951	447	34.977	519
35.002	448	35.027	507
35.052	448	35.078	493
35.104	447	35.128	477
35.154	447	35.179	463
35.205	447	35.229	449
35.255	449	35.281	437
35.306	448	35.331	428
35.356	448	35.382	419
35.408	448	35.432	416
35.458	448	35.483	414
35.509	448	35.534	418
35.559	448	35.585	421
35.610	448	35.635	432
35.661	448	35.686	443
35.712	448	35.736	456
35.762	447	35.788	469
35.813	449	35.838	485
35.863	448	35.889	498
35.915	448	35.939	512
35.965	446	35.990	524
36.016	448	36.041	534
36.066	447	36.092	541
36.117	447	36.142	544
36.167	446	36.193	546
36.219	448	36.243	543
36.269	447	36.294	536
36.320	448	36.345	528
36.370	448	36.396	517
36.421	448	36.446	504
36.472	448	36.497	490
36.523	448	36.547	477
36.573	450	36.599	463
36.624	448	36.649	449
36.674	448	36.700	437
36.726	448	36.750	428
36.776	448	36.801	421
36.827	448	36.852	418
36.877	448	36.903	416
36.928	447	36.953	421
36.978	447	37.004	425
37.030	448	37.054	434
37.080	448	37.105	445
37.131	448	37.156	460
37.181	448	37.207	472
37.232	449	37.257	486
37.283	447	37.308	499
37.334	448	37.358	513
37.384	446	37.410	524
37.435	448	37.460	533
37.485	447	37.511	539
37.537	447	37.561	542
37.587	448	37.612	544
37.638	448	37.663	539
37.688	448	37.714	534
37.739	447	37.765	525
37.789	448	37.815	515
37.841	449	37.866	502
37.891	449	37.916	488
37.942	449	37.968	474
37.992	448	38.018	461
38.043	447	38.069	448
38.094	448	38.119	438
38.145	447	38.170	428
38.195	447	38.221	423
38.246	447	38.272	420
38.296	448	38.322	420
38.348	448	38.373	423
38.398	448	38.423	430
38.449	448	38.475	438
38.499	448	38.525	449
38.550	446	38.576	461
38.601	448	38.626	474
38.652	448	38.677	487
38.702	446	38.727	500
38.753	448	38.779	514
38.803	446	38.829	524
38.854	448	38.880	531
38.905	448	38.930	538
38.956	448	38.981	541
39.006	447	39.032	540
39.057	448	39.083	538
39.107	448	39.133	532
39.159	448	39.184	524
39.209	448	39.234	513
39.260	450	39.286	499
39.310	448	39.336	486
39.361	449	39.387	473
39.412	448	39.437	460
39.463	449	39.488	449
39.513	449	39.538	438
39.564	448	39.590	431
39.614	448	39.640	425
39.665	448	39.691	423
39.716	447	39.741	422
39.767	446	39.792	426
39.817	447	39.843	430
39.868	448	39.894	441
39.918	448	39.944	450
39.970	447	39.995	463
40.020	446	40.045	475
40.071	448	40.097	488
40.121	447	40.147	501
40.172	448	40.198	514
40.223	447	40.248	524
40.274	448	40.299	532
40.324	449	40.349	538
40.375	449	40.401	539
40.425	449	40.451	540
40.476	449	40.502	535
40.527	449	40.552	529
40.578	448	40.603	519
40.628	448	40.654	510
40.679	449	40.705	497
40.729	448	40.755	485
40.781	448	40.806	471
40.831	448	40.856	459
40.882	448	40.908	448
40.932	447	40.958	438
40.983	448	41.009	430
41.034	447	41.059	426
41.085	447	41.110	424
41.135	448	41.161	425
41.186	447	41.212	430
41.236	448	41.262	433
41.287	448	41.313	444
41.338	447	41.363	454
41.389	448	41.414	466
41.440	447	41.465	478
41.490	447	41.516	491
41.541	448	41.566	501
41.592	448	41.617	513
41.643	448	41.667	522
41.693	448	41.719	530
41.744	448	41.769	535
41.794	448	41.820	535
41.846	447	41.870	536
41.896	448	41.921	531
41.947	448	41.972	526
41.997	449	42.023	518
42.048	448	42.073	506
42.098	448	42.124	495
42.150	449	42.174	483
42.200	448	42.225	471
42.251	448	42.276	459
42.301	447	42.327	448
42.352	448	42.377	438
42.403	447	42.428	434
42.454	447	42.478	426
42.504	447	42.530	427
42.555	447	42.580	428
42.605	447	42.631	431
42.657	446	42.681	437
42.707	447	42.732	446
42.758	447	42.783	455
42.808	448	42.834	467
42.859	448	42.884	480
42.909	448	42.935	492
42.961	447	42.985	503
43.011	449	43.036	513
43.062	448	43.087	523
43.112	448	43.138	530
43.163	448	43.188	533
43.214	448	43.239	536
43.265	447	43.289	534
43.315	448	43.341	529
43.366	448	43.391	523
43.416	448	43.442	514
43.468	448	43.492	504
43.518	447	43.543	492
43.569	447	43.594	481
43.619	447	43.645	469
43.670	446	43.695	458
43.721	448	43.746	448
43.772	447	43.796	439
43.822	447	43.847	434
43.873	447	43.898	428
43.923	448	43.949	428
43.974	447	43.999	430
44.025	448	44.050	434
44.076	448	44.100	440
44.126	448	44.152	448
44.177	447	44.202	459
44.227	448	44.253	470
44.279	448	44.303	481
44.329	448	44.354	493
44.380	449	44.405	504
44.430	448	44.456	514
44.481	448	44.507	522
44.532	449	44.557	529
44.583	448	44.608	531
44.633	448	44.658	533
44.684	448	44.710	531
44.734	448	44.760	527
44.785	447	44.811	521
44.836	448	44.861	512
44.887	448	44.912	502
44.937	447	44.963	490
44.988	448	45.014	480
45.038	447	45.064	468
45.090	446	45.115	457
45.140	447	45.165	448
45.191	447	45.217	440
45.241	448	45.267	434
45.292	448	45.318	431
45.343	448	45.368	431
45.394	448	45.419	431
45.444	448	45.469	437
45.495	448	45.521	442
45.545	448	45.571	451
45.596	449	45.622	461
45.647	449	45.672	471
45.698	448	45.723	482
45.748	448	45.774	494
45.799	448	45.825	505
45.849	448	45.875	514
45.901	449	45.926	522
45.951	448	45.976	527
46.002	448	46.028	531
46.052	447	46.078	530
46.103	447	46.129	529
46.154	448	46.179	523
46.205	447	46.230	518
46.255	448	46.281	510
46.306	448	46.332	500
46.356	447	46.382	489
46.407	449	46.433	478
46.458	448	46.483	468
46.509	448	46.534	457
46.559	448	46.585	448
46.610	448	46.636	440
46.660	448	46.686	435
46.712	447	46.737	433
46.762	447	46.787	431
46.813	448	46.839	434
46.863	448	46.889	440
46.914	448	46.940	444
46.965	448	46.990	453
47.016	447	47.041	463
47.066	449	47.092	474
47.117	447	47.143	484
47.167	448	47.193	495
47.218	446	47.244	505
47.269	448	47.294	514
47.320	448	47.345	522
47.370	448	47.396	526
47.421	448	47.447	529
47.471	448	47.497	528
47.523	448	47.548	526
47.573	448	47.598	523
47.624	447	47.650	515
47.674	447	47.700	507
47.725	448	47.751	498
47.776	448	47.801	486
47.827	449	47.852	476
47.877	448	47.903	466
47.928	447	47.954	456
47.978	448	48.004	448
48.029	448	48.055	442
48.080	448	48.105	437
48.131	448	48.156	436
48.181	448	48.207	435
48.232	448	48.258	436
48.282	448	48.308	442
48.334	448	48.359	448
48.384	448	48.409	457
48.435	449	48.461	465
48.485	448	48.511	476
48.536	448	48.562	485
48.587	447	48.612	495
48.638	446	48.663	505
48.688	447	48.714	513
48.739	447	48.765	519
48.789	447	48.815	523
48.841	448	48.866	527
48.891	448	48.916	527
48.942	446	48.967	524
48.992	448	49.018	519
49.043	448	49.069	513
49.093	449	49.119	504
49.145	448	49.170	495
49.195	448	49.220	486
49.246	449	49.272	476
49.296	448	49.322	465
49.347	448	49.373	456
49.398	448	49.423	449
49.449	448	49.474	443
49.499	448	49.525	439
49.550	448	49.576	437
49.600	447	49.626	435
49.652	447	49.677	439
49.702	447	49.727	445
49.753	448	49.778	450
49.803	447	49.829	458
49.854	447	49.880	468
49.904	447	49.930	477
49.956	447	49.981	487
50.006	448	50.031	497
50.057	448	50.083	506
50.107	448	50.133	512
50.158	448	50.184	518
50.209	448	50.234	521
50.260	448	50.285	525
50.310	448	50.336	523
50.361	448	50.387	522
50.411	448	50.437	516
50.463	447	50.488	510
50.513	448	50.538	502
50.564	449	50.589	494
50.614	449	50.640	484
50.665	449	50.691	474
50.715	448	50.741	464
50.767	449	50.792	457
50.817	449	50.842	450
50.868	448	50.894	442
50.918	448	50.944	441
50.969	448	50.995	439
51.020	448	51.045	440
51.071	448	51.096	442
51.121	448	51.147	446
51.172	448	51.198	453
51.222	448	51.248	461
51.274	447	51.299	470
51.324	448	51.349	479
51.375	447	51.401	488
51.425	448	51.451	497
51.476	447	51.502	504
51.526	447	51.552	512
51.578	448	51.603	518
51.628	448	51.653	520
51.679	448	51.705	523
51.729	448	51.755	522
51.780	448	51.806	519
51.831	449	51.856	516
51.882	448	51.907	508
51.932	449	51.958	500
51.983	448	52.009	491
52.033	448	52.059	483
52.085	449	52.110	474
52.135	448	52.160	465
52.186	449	52.212	457
52.236	448	52.262	450
52.287	447	52.313	444
52.337	447	52.363	441
52.389	447	52.414	440
52.439	447	52.464	441
52.490	447	52.516	444
52.540	447	52.566	449
52.591	447	52.617	455
52.642	448	52.667	463
52.693	447	52.718	471
52.743	448	52.769	480
52.794	448	52.820	489
52.844	449	52.870	498
52.896	449	52.921	505
52.946	449	52.971	512
52.997	449	53.023	517
53.047	448	53.073	520
53.098	447	53.124	520
53.148	448	53.174	520
53.200	448	53.225	516
53.250	448	53.275	511
53.301	448	53.327	505
53.351	448	53.377	498
53.402	448	53.428	490
53.453	447	53.478	481
53.504	447	53.529	472
53.554	448	53.580	463
53.605	448	53.631	456
53.655	448	53.681	451
53.707	448	53.732	446
53.757	448	53.782	444
53.808	447	53.834	442
53.858	448	53.884	445
53.909	447	53.935	447
53.959	448	53.985	452
54.011	448	54.036	458
54.062	448	54.086	464
54.112	448	54.138	473
54.163	448	54.188	482
54.213	447	54.239	490
54.265	448	54.289	498
54.315	447	54.340	506
54.366	448	54.391	511
54.416	449	54.442	515
54.467	448	54.492	518
54.518	448	54.543	519
54.569	448	54.593	517
54.619	449	54.645	515
54.670	448	54.695	509
54.720	448	54.746	502
54.772	448	54.796	496
54.822	448	54.847	488
54.873	447	54.897	481
54.923	448	54.949	472
54.974	447	54.999	463
55.024	447	55.050	457
55.076	448	55.100	451
55.126	447	55.151	447
55.177	448	55.202	445
55.227	448	55.253	443
55.278	448	55.303	447
55.329	448	55.354	450
55.380	448	55.404	453
55.430	448	55.456	459
55.481	449	55.506	467
55.531	449	55.557	475
55.583	448	55.607	483
55.633	448	55.658	491
55.684	449	55.708	499
55.734	448	55.760	505
55.785	447	55.810	510
55.835	448	55.861	514
55.887	448	55.911	514
55.937	448	55.962	517
55.988	447	56.013	515
56.038	447	56.064	512
56.089	447	56.114	507
56.140	447	56.165	500
56.191	448	56.215	494
56.241	449	56.267	487
56.292	446	56.317	479
56.342	448	56.368	471
56.394	448	56.418	463
56.444	448	56.469	458
56.495	447	56.519	452
56.545	447	56.571	449
56.596	448	56.621	447
56.646	447	56.672	446
56.698	447	56.722	447
56.748	448	56.773	452
56.799	447	56.824	456
56.849	448	56.875	461
56.900	448	56.925	469
56.951	447	56.976	476
57.002	447	57.027	483
57.052	448	57.078	492
57.103	449	57.129	499
57.153	448	57.179	505
57.205	448	57.230	509
57.255	449	57.280	513
57.306	447	57.332	514
57.356	448	57.382	516
57.407	448	57.433	513
57.457	448	57.483	510
57.509	447	57.534	504
57.559	448	57.584	500
57.610	448	57.636	492
57.660	448	57.686	484
57.711	448	57.737	477
57.762	449	57.787	470
57.813	448	57.838	462
57.863	448	57.889	457
57.914	447	57.940	454
57.964	448	57.990	450
58.016	448	58.041	448
58.066	448	58.091	448
58.117	447	58.143	451
58.167	448	58.193	453
58.218	447	58.244	458
58.268	448	58.294	464
58.320	448	58.345	471
58.370	448	58.395	478
58.421	448	58.447	486
58.471	447	58.497	493
58.522	448	58.548	499
58.573	448	58.598	503
58.624	448	58.649	510
58.674	448	58.700	511
58.725	448	58.751	512
58.775	448	58.801	513
58.827	448	58.852	510
58.877	447	58.902	509
58.928	448	58.954	503
58.978	447	59.004	496
59.029	448	59.055	490
59.079	447	59.105	483
59.131	449	59.156	476
59.181	448	59.206	469
59.232	448	59.258	464
59.282	448	59.308	458
59.333	448	59.359	455
59.384	449	59.409	451
59.435	448	59.460	451
59.485	447	59.511	451
59.536	447	59.562	451
59.586	448	59.612	455
59.638	447	59.663	460
59.688	447	59.713	465
59.739	448	59.765	473
59.789	447	59.815	478
59.840	448	59.866	485
59.890	448	59.916	494
59.942	449	59.967	499
59.992	448	60.017	505
60.043	448	60.069	508
60.093	448	60.119	511
60.144	448	60.170	511
60.195	448	60.220	512
60.246	449	60.271	509
60.297	448	60.322	507
60.347	449	60.373	501
60.398	448	60.423	496
60.449	449	60.474	489
60.500	448	60.524	482
60.550	447	60.576	475
60.601	448	60.626	470
60.651	447	60.677	463
60.703	448	60.727	458
60.753	448	60.778	455
60.804	447	60.828	453
60.854	447	60.880	453
60.905	447	60.930	452
60.955	448	60.981	455
61.007	448	61.031	458
61.057	448	61.082	463
61.108	447	61.133	468
61.158	448	61.184	474
61.209	447	61.234	480
61.260	447	61.285	487
61.311	447	61.335	493
61.361	449	61.387	499
61.412	447	61.437	504
61.462	448	61.488	507
61.514	448	61.538	511
61.564	448	61.589	509
61.615	448	61.639	507
61.665	448	61.691	507
61.716	448	61.741	502
61.766	448	61.792	499
61.818	447	61.842	493
61.868	447	61.893	487
61.919	449	61.944	481
61.969	448	61.995	475
62.020	448	62.045	468
62.071	448	62.096	463
62.122	447	62.146	457
62.172	448	62.198	457
62.223	448	62.248	454
62.273	447	62.299	453
62.325	448	62.349	455
62.375	447	62.400	457
62.426	448	62.450	460
62.476	448	62.502	464
62.527	447	62.552	469
62.577	447	62.603	476
62.629	448	62.653	481
62.679	448	62.704	487
62.730	448	62.755	495
62.780	448	62.806	498
62.831	448	62.856	502
62.882	448	62.907	506
62.933	449	62.957	508
62.983	448	63.009	508
63.034	448	63.059	508
63.084	448	63.110	503
63.136	447	63.160	502
63.186	448	63.211	496
63.237	448	63.261	491
63.287	447	63.313	485
63.338	447	63.364	479
63.388	447	63.414	474
63.440	448	63.465	469
63.490	447	63.515	464
63.541	448	63.567	460
63.591	447	63.617	459
63.642	448	63.668	456
63.693	448	63.718	454
63.744	448	63.769	457
63.794	447	63.820	459
63.845	448	63.871	463
63.895	448	63.921	467
63.947	448	63.972	472
63.997	448	64.022	478
64.048	447	64.074	483
64.098	448	64.124	488
64.149	449	64.175	494
64.199	448	64.225	499
64.251	448	64.276	502
64.301	448	64.326	505
64.352	448	64.378	507
64.402	448	64.428	506
64.453	447	64.479	504
64.504	448	64.529	502
64.555	447	64.580	498
64.605	448	64.631	495
64.656	448	64.682	490
64.706	448	64.732	484
64.758	448	64.783	479
64.808	448	64.833	474
64.859	448	64.885	469
64.909	448	64.935	464
64.960	448	64.986	461
65.010	448	65.036	459
65.062	447	65.087	457
65.112	448	65.137	457
65.163	449	65.189	459
65.213	447	65.239	462
65.264	449	65.290	465
65.315	448	65.340	468
65.366	448	65.391	474
65.416	448	65.442	478
65.467	447	65.493	484
65.517	448	65.543	489
65.569	447	65.594	494
65.619	448	65.644	497
65.670	449	65.696	501
65.720	448	65.746	504
65.771	447	65.797	506
65.821	448	65.847	504
65.873	447	65.898	502
65.923	447	65.948	500
65.974	448	66.000	497
66.024	447	66.050	493
66.075	448	66.101	488
66.126	447	66.151	482
66.177	448	66.202	478
66.227	449	66.253	473
66.278	448	66.304	469
66.328	448	66.354	464
66.380	448	66.405	462
66.430	448	66.455	461
66.481	447	66.507	459
66.531	448	66.557	460
66.582	448	66.608	460
66.633	448	66.658	464
66.684	448	66.709	466
66.734	447	66.759	470
66.785	448	66.811	474
66.835	446	66.861	480
66.886	448	66.912	485
66.937	448	66.962	489
66.988	449	67.013	494
67.038	448	67.064	497
67.089	448	67.115	500
67.139	448	67.165	501
67.191	447	67.216	503
67.241	448	67.266	503
67.292	448	67.318	502
67.342	448	67.368	498
67.393	448	67.419	495
67.444	448	67.469	492
67.495	448	67.520	486
67.545	449	67.570	483
67.596	449	67.622	476
67.646	448	67.672	473
67.697	448	67.723	469
67.748	449	67.773	466
67.799	448	67.824	463
67.850	447	67.875	462
67.900	448	67.926	461
67.951	448	67.976	461
68.002	448	68.027	461
68.053	447	68.077	465
68.103	448	68.129	468
68.154	447	68.179	472
68.204	447	68.230	477
68.256	448	68.280	481
68.306	447	68.331	486
68.357	448	68.381	490
68.407	448	68.433	494
68.458	449	68.483	496
68.508	447	68.534	499
68.560	448	68.584	500
68.610	448	68.635	501
68.661	448	68.686	500
68.711	447	68.737	498
68.762	448	68.787	496
68.813	448	68.838	493
68.864	448	68.888	488
68.914	447	68.940	485
68.965	448	68.990	480
69.015	449	69.041	477
69.067	449	69.091	473
69.117	449	69.142	469
69.168	448	69.193	466
69.218	448	69.244	464
69.269	448	69.294	463
69.319	447	69.345	462
69.371	448	69.395	461
69.421	448	69.446	464
69.472	447	69.497	467
69.522	447	69.548	469
69.573	447	69.598	472
69.624	447	69.649	479
69.675	446	69.699	483
69.725	448	69.751	486
69.776	448	69.801	490
69.826	448	69.852	493
69.878	448	69.902	496
69.928	447	69.953	498
69.979	448	70.004	499
70.029	448	70.055	499
70.080	448	70.105	498
70.130	448	70.156	497
70.182	448	70.206	494
70.232	448	70.257	492
70.283	448	70.308	488
70.333	448	70.359	484
70.384	448	70.409	481
70.435	448	70.460	476
70.486	448	70.510	472
70.536	447	70.562	470
70.587	448	70.612	466
70.637	448	70.663	465
70.689	447	70.713	465
70.739	448	70.764	464
70.790	448	70.815	465
70.840	448	70.866	467
70.891	449	70.917	470
70.941	447	70.967	472
70.993	448	71.018	475
71.043	448	71.068	478
71.094	448	71.120	483
71.144	448	71.170	487
71.195	448	71.221	489
71.246	448	71.271	493
71.297	449	71.322	496
71.347	449	71.373	498
71.398	448	71.424	498
71.448	449	71.474	498
71.500	449	71.525	497
71.550	447	71.575	495
71.601	447	71.627	493
71.651	448	71.677	489
71.702	447	71.728	486
71.753	448	71.778	483
71.804	447	71.829	479
71.854	448	71.879	476
71.905	447	71.931	471
71.955	448	71.981	470
72.006	448	72.032	467
72.057	448	72.082	466
72.108	447	72.133	466
72.158	447	72.184	466
72.209	448	72.235	467
72.259	448	72.285	468
72.311	448	72.336	470
72.361	448	72.386	475
72.412	448	72.438	477
72.462	448	72.488	481
72.513	448	72.539	485
72.564	449	72.589	487
72.615	448	72.640	491
72.665	448	72.690	492
72.716	448	72.742	495
72.766	447	72.792	496
72.817	448	72.843	496
72.868	448	72.893	495
72.919	448	72.944	494
72.969	448	72.995	492
73.020	448	73.046	490
73.070	449	73.096	488
73.122	448	73.147	485
73.172	448	73.197	482
73.223	447	73.249	478
73.273	447	73.299	475
73.324	447	73.350	473
73.375	448	73.400	470
73.426	447	73.451	469
73.476	448	73.501	468
73.527	447	73.553	468
73.577	448	73.603	468
73.628	447	73.654	469
73.679	448	73.704	470
73.730	449	73.755	473
73.780	448	73.806	476
73.831	449	73.857	479
73.881	448	73.907	482
73.933	448	73.958	485
73.983	449	74.008	488
74.034	449	74.060	490
74.084	449	74.110	493
74.135	448	74.161	493
74.186	448	74.211	495
74.237	448	74.262	495
74.287	448	74.313	495
74.338	448	74.364	493
74.388	448	74.414	491
74.439	448	74.465	488
74.490	448	74.515	487
74.541	447	74.566	484
74.592	447	74.617	481
74.642	447	74.668	478
74.693	448	74.718	475
74.744	448	74.769	473
74.795	449	74.819	470
74.845	448	74.871	469
74.896	449	74.921	469
74.946	448	74.972	468
74.998	448	75.022	469
75.048	448	75.073	471
75.099	448	75.124	471
75.149	448	75.175	474
75.200	448	75.225	476
75.250	448	75.276	480
75.302	448	75.326	483
75.352	448	75.377	485
75.403	448	75.428	488
75.453	449	75.479	491
75.504	448	75.529	492
75.555	448	75.580	493
75.606	446	75.630	494
75.656	448	75.682	493
75.707	448	75.732	492
75.757	448	75.783	490
75.809	447	75.833	489
75.859	447	75.884	487
75.910	447	75.935	485
75.960	448	75.986	482
76.011	448	76.036	481
76.061	448	76.087	476
76.113	449	76.137	475
76.163	449	76.188	474
76.214	449	76.239	472
76.264	448	76.290	471
76.315	448	76.340	470
76.366	448	76.391	470
76.417	448	76.441	470
76.467	449	76.493	473
76.518	448	76.543	475
76.568	448	76.594	477
76.620	448	76.644	478
76.670	447	76.695	480
76.721	447	76.746	483
76.771	448	76.797	486
76.822	449	76.847	487
76.873	448	76.898	490
76.924	448	76.948	491
76.974	448	76.999	492
77.025	447	77.050	492
77.075	447	77.101	491
77.126	448	77.151	490
77.177	447	77.202	490
77.228	448	77.252	487
77.278	448	77.304	485
77.329	448	77.354	483
77.379	448	77.405	481
77.431	448	77.455	479
77.481	447	77.506	477
77.532	448	77.557	475
77.582	448	77.608	473
77.633	448	77.659	473
77.684	448	77.709	472
77.735	448	77.760	472
77.785	448	77.810	472
77.836	448	77.862	473
77.886	448	77.912	474
77.937	448	77.963	476
77.988	447	78.013	477
78.039	447	78.064	480
78.089	448	78.115	483
78.140	448	78.166	484
78.190	448	78.216	486
78.242	447	78.267	488
78.292	448	78.317	488
78.343	448	78.369	490
78.393	448	78.419	491
78.444	448	78.470	491
78.495	448	78.520	490
78.546	448	78.571	489
78.596	448	78.621	488
78.647	448	78.673	486
78.697	449	78.723	484
78.748	448	78.774	482
78.799	447	78.824	480
78.850	448	78.875	479
78.900	448	78.926	477
78.951	448	78.977	476
79.001	448	79.027	474
79.053	448	79.078	473
79.103	448	79.128	473
79.154	448	79.180	474
79.204	448	79.230	473
79.255	448	79.281	475
79.306	447	79.331	476
79.357	448	79.382	477
79.407	447	79.433	479
79.458	447	79.484	480
79.508	448	79.534	484
79.559	447	79.585	485
79.610	447	79.635	486
79.661	448	79.686	487
79.711	449	79.737	489
79.762	448	79.788	489
79.812	448	79.838	489
79.864	448	79.889	489
79.914	448	79.939	488
79.965	448	79.991	486
80.015	448	80.041	486
80.066	447	80.092	484
80.117	448	80.142	482
80.168	448	80.193	482
80.218	449	80.244	480
80.269	448	80.295	478
80.319	448	80.345	476
80.370	448	80.396	476
80.421	447	80.446	475
80.472	447	80.497	474
80.522	448	80.548	475
80.573	446	80.599	475
80.623	448	80.649	476
80.675	448	80.700	477
80.725	447	80.750	478
80.776	448	80.802	479
80.826	448	80.852	480
80.877	448	80.903	481
80.928	448	80.953	484
80.979	448	81.004	484
81.029	448	81.055	486
81.080	448	81.106	487
81.130	448	81.156	487
81.181	448	81.207	488
81.232	448	81.257	487
81.283	449	81.308	486
81.333	449	81.359	486
81.384	449	81.410	486
81.434	449	81.460	484
81.486	448	81.511	483
81.536	448	81.561	481
81.587	449	81.613	480
81.637	448	81.663	479
81.688	448	81.714	478
81.739	448	81.764	477
81.790	448	81.815	476
81.840	449	81.866	476
81.891	449	81.917	476
81.941	447	81.967	476
81.993	449	82.018	476
82.043	447	82.068	477
82.094	447	82.119	478
82.144	448	82.170	479
82.195	448	82.221	479
82.245	448	82.271	482
82.297	449	82.322	483
82.347	448	82.372	484
82.398	448	82.424	484
82.448	448	82.474	486
82.499	448	82.525	486
82.550	448	82.575	486
82.601	448	82.626	486
82.651	449	82.677	486
82.702	448	82.728	485
82.752	449	82.778	485
82.804	448	82.829	483
82.854	448	82.879	482
82.905	448	82.930	482
82.955	448	82.981	481
83.006	447	83.032	480
83.056	448	83.082	479
83.108	448	83.133	478
83.158	448	83.183	477
83.209	447	83.235	476
83.259	448	83.285	477
83.310	449	83.336	477
83.361	448	83.386	477
83.412	448	83.437	478
83.462	447	83.488	479
83.513	448	83.539	480
83.563	448	83.589	480
83.615	448	83.640	481
83.665	448	83.690	483
83.716	448	83.741	484
83.766	447	83.792	485
83.817	448	83.843	485
83.867	447	83.893	485
83.919	448	83.944	485
83.969	448	83.994	485
84.020	448	84.046	485
84.070	448	84.096	485
84.121	448	84.147	484
84.172	448	84.197	483
84.223	448	84.248	482
84.273	448	84.299	482
84.324	448	84.350	481
84.374	448	84.400	479
84.426	448	84.451	478
84.476	448	84.501	478
84.527	448	84.553	478
84.577	448	84.603	478
84.628	448	84.654	477
84.678	447	84.704	478
84.730	449	84.755	478
84.780	448	84.805	478
84.831	449	84.857	479
84.881	448	84.907	480
84.932	448	84.958	481
84.983	448	85.008	482
85.034	449	85.059	482
85.084	448	85.110	484
85.135	448	85.161	484
85.185	448	85.211	485
85.237	449	85.262	485
85.287	448	85.312	485
85.338	448	85.364	485
85.388	448	85.414	485
85.439	448	85.465	484
85.489	448	85.515	483
85.541	448	85.566	483
85.591	449	85.616	482
85.642	447	85.668	482
85.692	448	85.718	480
85.743	447	85.769	480
85.794	448	85.819	479
85.845	448	85.870	479
85.895	448	85.921	478
85.946	448	85.972	479
85.996	447	86.022	478
86.048	447	86.073	479
86.098	448	86.123	479
86.149	448	86.175	480
86.199	448	86.225	480
86.250	448	86.276	481
86.300	448	86.326	482
86.352	447	86.377	482
86.402	448	86.427	483
86.453	448	86.479	483
86.503	448	86.529	484
86.554	448	86.580	483
86.606	448	86.630	484
86.656	448	86.681	484
86.707	447	86.732	484
86.757	448	86.783	484
86.808	448	86.833	483
86.859	448	86.884	482
86.910	448	86.934	482
86.960	448	86.986	482
87.011	447	87.036	481
87.061	447	87.087	480
87.113	448	87.137	480
87.163	448	87.188	480
87.214	448	87.238	479
87.264	448	87.290	480
87.315	448	87.340	480
87.365	448	87.391	480
87.417	448	87.441	479
87.467	447	87.492	479
87.518	448	87.543	481
87.568	448	87.594	480
87.619	447	87.644	482
87.670	448	87.695	482
87.721	447	87.745	483
87.771	449	87.797	482
87.822	447	87.847	483
87.872	448	87.898	483
87.924	449	87.948	483
87.974	448	87.999	484
88.025	448	88.049	485
88.075	448	88.101	483
88.126	448	88.151	481
88.176	447	88.202	482
88.228	447	88.252	482
88.278	448	88.303	482
88.329	449	88.354	481
88.379	448	88.405	481
88.430	448	88.455	480
88.481	447	88.506	480
88.532	449	88.556	480
88.582	448	88.608	480
88.633	448	88.658	479
88.683	448	88.709	479
88.735	448	88.759	480
88.785	447	88.810	480
88.836	448	88.860	479
88.886	448	88.912	481
88.937	448	88.962	481
88.987	448	89.013	481
89.039	447	89.063	482
89.089	447	89.114	482
89.140	448	89.165	483
89.190	448	89.216	483
89.241	447	89.266	483
89.292	449	89.317	484
89.343	448	89.367	483
89.393	448	89.419	483
89.444	448	89.469	481
89.494	448	89.520	483
89.546	448	89.570	482
89.596	448	89.621	481
89.647	448	89.671	481
89.697	448	89.723	480
89.748	448	89.774	480
89.798	448	89.824	480
89.850	448	89.875	480
89.900	447	89.925	480
89.951	448	89.977	481
90.001	448	90.027	480
90.052	449	90.078	480
90.103	448	90.128	480
90.154	448	90.179	480
90.204	447	90.230	481
90.255	448	90.281	481
90.305	447	90.331	481
90.357	448	90.382	482
90.407	447	90.432	482
90.458	448	90.484	483
90.508	449	90.534	483
90.559	447	90.585	483
90.609	448	90.635	483
90.661	449	90.686	483
90.711	448	90.736	483
90.762	448	90.788	483
90.812	448	90.838	482
90.863	448	90.889	482
90.914	448	90.939	482
90.965	448	90.990	482
91.015	448	91.041	480
91.066	448	91.092	480
91.116	448	91.142	480
91.168	448	91.193	480
91.218	447	91.243	480
91.269	448	91.295	480
91.319	448	91.345	480
91.370	448	91.396	481
91.420	448	91.446	481
91.472	448	91.497	480
91.522	448	91.547	481
91.573	448	91.599	482
91.623	449	91.649	483
91.674	448	91.700	481
91.725	448	91.750	482
91.776	448	91.801	482
91.826	447	91.852	481
91.877	448	91.903	483
91.927	448	91.953	483
91.979	447	92.004	482
92.029	448	92.054	483
92.080	448	92.106	482
92.130	448	92.156	482
92.181	448	92.207	482
92.231	447	92.257	482
92.283	449	92.308	482
92.333	448	92.358	480
92.384	448	92.410	482
92.434	448	92.460	481
92.485	448	92.511	481
92.536	448	92.561	480
92.587	448	92.612	480
92.637	449	92.663	481
92.688	449	92.714	480
92.738	449	92.764	481
92.790	448	92.815	481
92.840	446	92.865	482
92.891	449	92.917	482
92.941	448	92.967	482
92.992	448	93.018	481
93.042	448	93.068	482
93.094	448	93.119	483
93.144	448	93.169	483
93.195	448	93.221	482
93.245	448	93.271	482
93.296	448	93.322	483
93.347	448	93.372	482
93.398	448	93.423	482
93.449	449	93.474	482
93.499	448	93.525	481
93.550	447	93.575	482
93.601	447	93.626	481
93.652	448	93.676	481
93.702	448	93.728	481
93.753	448	93.778	481
93.803	448	93.829	480
93.855	448	93.879	482
93.905	448	93.930	482
93.956	449	93.980	481
94.006	448	94.032	481
94.057	448	94.082	481
94.107	449	94.133	481
94.159	448	94.183	481
94.209	448	94.234	481
94.260	448	94.285	482
94.310	448	94.336	482
94.361	448	94.386	481
94.412	448	94.437	481
94.463	448	94.487	481
94.513	448	94.539	483
94.564	448	94.589	483
94.614	448	94.640	481
94.666	447	94.690	482
94.716	448	94.741	482
94.767	449	94.791	481
94.817	448	94.843	481
94.868	448	94.893	481
94.918	448	94.944	481
94.970	449	94.994	481
95.020	446	95.045	481
95.071	449	95.096	481
95.121	448	95.147	480
95.172	447	95.197	480
95.223	449	95.248	481
95.274	448	95.298	481
95.324	448	95.350	482
95.375	448	95.400	481
95.425	448	95.451	482
95.477	447	95.501	482
95.527	448	95.552	481
95.578	447	95.602	482
95.628	450	95.654	483
95.679	448	95.704	482
95.729	449	95.755	483
