#Creator: pendulumviewEventBuffer
#Creation time: Sun Jan 11 01:39:54 2009
#Time A	Pos A	Time B	Pos B
#[s]	[au]	[s]	[au]
0.025	505	0.051	609
0.076	506	0.101	613
0.127	506	0.152	613
0.177	506	0.203	612
0.228	504	0.254	610
0.278	506	0.304	611
0.329	505	0.355	614
0.380	507	0.405	611
0.431	507	0.456	610
0.481	506	0.507	610
0.532	506	0.558	615
0.582	507	0.608	611
0.634	506	0.659	612
0.684	507	0.709	612
0.735	505	0.761	614
0.785	507	0.811	613
0.836	509	0.862	612
0.887	506	0.912	613
0.938	509	0.963	611
0.988	505	1.014	613
1.039	501	1.065	610
1.089	492	1.115	605
1.141	476	1.166	592
1.192	460	1.216	575
1.242	441	1.267	556
1.293	420	1.318	534
1.343	399	1.369	512
1.394	378	1.419	488
1.445	359	1.470	465
1.496	343	1.520	446
1.546	331	1.572	429
1.597	320	1.622	417
1.647	317	1.673	410
1.699	316	1.723	406
1.749	321	1.774	408
1.800	331	1.825	416
1.850	345	1.876	430
1.901	361	1.926	446
1.952	380	1.977	466
2.003	401	2.027	488
2.053	421	2.078	511
2.104	442	2.129	534
2.154	461	2.180	556
2.205	474	2.230	575
2.256	487	2.281	591
2.307	497	2.331	604
2.357	500	2.383	610
2.408	500	2.433	612
2.458	495	2.484	608
2.510	486	2.534	601
2.560	473	2.585	588
2.611	458	2.636	572
2.661	439	2.687	551
2.712	418	2.737	530
2.763	400	2.788	506
2.814	379	2.838	484
2.864	360	2.889	462
2.915	346	2.940	444
2.965	334	2.991	428
3.016	326	3.041	415
3.067	322	3.092	410
3.118	323	3.142	407
3.168	328	3.194	412
3.219	337	3.244	420
3.269	350	3.295	434
3.321	365	3.345	450
3.371	384	3.396	471
3.422	402	3.447	493
3.472	421	3.498	515
3.523	440	3.548	538
3.574	458	3.599	560
3.625	472	3.650	577
3.675	483	3.701	594
3.726	491	3.752	604
3.776	496	3.802	610
3.827	494	3.853	611
3.878	490	3.903	607
3.929	482	3.954	598
3.979	468	4.005	585
4.030	454	4.056	568
4.080	435	4.106	547
4.132	417	4.157	525
4.182	397	4.207	502
4.233	380	4.259	479
4.283	362	4.309	459
4.334	349	4.360	441
4.385	338	4.410	425
4.436	330	4.461	415
4.486	327	4.512	410
4.537	326	4.563	410
4.587	332	4.613	414
4.638	341	4.664	423
4.689	353	4.714	438
4.740	368	4.765	454
4.790	385	4.816	476
4.841	403	4.867	498
4.891	421	4.917	521
4.943	438	4.968	544
4.993	456	5.018	564
5.044	469	5.070	583
5.094	480	5.120	595
5.145	487	5.171	604
5.196	491	5.221	609
5.247	490	5.272	608
5.297	486	5.323	604
5.348	477	5.374	594
5.398	464	5.424	579
5.449	452	5.475	561
5.500	433	5.525	542
5.551	417	5.576	520
5.601	398	5.627	497
5.652	382	5.678	475
5.702	365	5.728	455
5.754	351	5.779	438
5.804	341	5.829	425
5.855	334	5.881	415
5.905	330	5.931	411
5.956	331	5.982	412
6.007	336	6.032	417
6.058	344	6.083	428
6.108	356	6.134	444
6.159	370	6.185	461
6.209	385	6.235	482
6.261	403	6.286	504
6.311	420	6.336	525
6.362	438	6.387	548
6.412	453	6.438	566
6.463	466	6.489	583
6.513	477	6.539	595
6.565	484	6.590	603
6.615	487	6.640	609
6.666	487	6.692	607
6.716	482	6.742	599
6.767	473	6.793	590
6.818	463	6.843	574
6.869	450	6.894	557
6.919	434	6.945	537
6.970	416	6.996	515
7.020	399	7.046	492
7.072	383	7.097	471
7.122	367	7.147	452
7.173	355	7.198	436
7.223	344	7.249	424
7.274	338	7.300	415
7.324	334	7.350	413
7.376	335	7.401	415
7.426	339	7.451	420
7.477	345	7.503	434
7.527	357	7.553	447
7.578	371	7.604	467
7.629	386	7.654	487
7.680	403	7.705	508
7.730	419	7.756	531
7.781	436	7.807	552
7.831	451	7.857	569
7.883	463	7.908	584
7.933	474	7.958	595
7.984	481	8.009	604
8.034	484	8.060	605
8.085	485	8.111	603
8.135	479	8.161	596
8.187	472	8.212	584
8.237	461	8.262	568
8.288	449	8.314	550
8.338	433	8.364	530
8.389	417	8.415	509
8.440	401	8.465	486
8.491	384	8.516	468
8.541	370	8.567	449
8.592	357	8.618	435
8.642	347	8.668	424
8.694	340	8.719	417
8.744	335	8.769	416
8.795	336	8.821	419
8.845	341	8.871	427
8.896	348	8.922	439
8.946	359	8.972	453
8.998	371	9.023	474
9.048	386	9.073	492
9.099	402	9.125	514
9.149	418	9.175	535
9.200	434	9.226	554
9.251	449	9.276	571
9.302	461	9.327	586
9.352	471	9.378	596
9.403	479	9.429	602
9.453	482	9.479	602
9.505	482	9.530	599
9.555	477	9.580	591
9.606	471	9.632	579
9.656	461	9.682	564
9.707	447	9.733	544
9.757	433	9.783	524
9.809	418	9.834	504
9.859	401	9.884	484
9.910	385	9.936	464
9.960	370	9.986	448
10.011	357	10.037	434
10.062	348	10.087	426
10.113	341	10.138	419
10.163	338	10.189	419
10.214	339	10.240	423
10.264	342	10.290	432
10.316	349	10.341	445
10.366	359	10.391	459
10.417	372	10.443	478
10.467	387	10.493	497
10.518	402	10.544	519
10.568	418	10.594	539
10.620	435	10.645	557
10.670	449	10.695	573
10.721	461	10.747	586
10.771	470	10.797	595
10.822	478	10.848	599
10.874	480	10.898	599
10.924	480	10.949	594
10.975	477	11.000	586
11.025	470	11.051	572
11.076	460	11.101	556
11.127	448	11.152	538
11.178	433	11.202	520
11.228	418	11.254	499
11.279	402	11.304	480
11.329	385	11.355	461
11.381	372	11.405	447
11.431	359	11.456	435
11.482	350	11.506	426
11.532	343	11.558	423
11.583	339	11.608	423
11.633	339	11.659	428
11.685	343	11.709	438
11.735	350	11.760	451
11.786	360	11.811	466
11.836	372	11.862	484
11.887	386	11.912	503
11.938	402	11.963	523
11.989	418	12.013	541
12.039	433	12.065	559
12.090	447	12.115	574
12.140	461	12.166	585
12.192	470	12.216	592
12.242	476	12.267	596
12.293	479	12.317	595
12.343	480	12.369	589
12.394	477	12.419	580
12.444	469	12.470	567
12.496	460	12.520	552
12.546	447	12.571	533
12.597	433	12.622	515
12.647	417	12.673	496
12.698	400	12.723	477
12.749	386	12.774	461
12.800	373	12.824	448
12.850	360	12.876	436
12.901	350	12.926	429
12.951	343	12.977	426
13.003	339	13.027	427
13.053	339	13.078	433
13.104	343	13.128	444
13.154	350	13.180	457
13.205	360	13.230	471
13.255	372	13.281	489
13.307	387	13.331	507
13.357	402	13.382	527
13.408	419	13.433	544
13.458	434	13.484	560
13.509	447	13.534	573
13.560	460	13.585	583
13.611	469	13.635	589
13.661	476	13.687	591
13.712	480	13.737	589
13.762	480	13.788	584
13.814	476	13.838	574
13.864	469	13.889	561
13.915	458	13.939	545
13.965	446	13.991	528
14.016	433	14.042	510
14.066	416	14.092	492
14.118	400	14.143	475
14.168	385	14.193	460
14.219	371	14.245	447
14.269	358	14.295	438
14.320	349	14.346	433
14.371	343	14.396	431
14.422	340	14.447	432
14.472	339	14.498	438
14.523	344	14.549	448
14.573	351	14.599	461
14.625	361	14.650	477
14.675	374	14.700	493
14.726	388	14.752	512
14.776	403	14.802	530
14.827	419	14.853	545
14.877	434	14.903	560
14.929	449	14.954	572
14.979	461	15.004	580
15.030	470	15.056	587
15.080	476	15.106	587
15.131	479	15.157	584
15.182	479	15.207	578
15.233	476	15.258	568
15.283	468	15.309	555
15.334	457	15.360	541
15.384	445	15.410	524
15.436	431	15.461	507
15.486	415	15.511	490
15.537	399	15.563	474
15.587	384	15.613	461
15.638	371	15.664	448
15.688	358	15.714	442
15.740	349	15.765	436
15.790	342	15.815	436
15.841	340	15.867	437
15.891	340	15.917	445
15.942	344	15.968	454
15.993	353	16.018	467
16.044	361	16.069	482
16.094	376	16.120	497
16.145	390	16.171	514
16.195	405	16.221	531
16.247	421	16.272	547
16.297	436	16.322	560
16.348	450	16.374	571
16.398	463	16.424	577
16.449	471	16.475	581
16.499	478	16.525	580
16.551	480	16.576	579
16.601	479	16.626	573
16.652	475	16.678	563
16.702	467	16.728	551
16.753	457	16.779	536
16.804	444	16.829	520
16.855	429	16.880	504
16.905	412	16.931	488
16.956	398	16.982	472
17.006	382	17.032	461
17.058	368	17.083	451
17.108	356	17.133	445
17.159	348	17.185	441
17.209	343	17.235	440
17.260	340	17.286	444
17.310	340	17.336	449
17.362	345	17.387	459
17.412	354	17.437	472
17.463	364	17.489	486
17.513	378	17.539	501
17.564	392	17.590	517
17.615	408	17.640	532
17.666	424	17.691	546
17.717	438	17.742	558
17.767	452	17.793	568
17.818	464	17.843	575
17.869	472	17.894	578
17.920	478	17.944	578
17.970	480	17.996	574
18.021	479	18.046	568
18.071	474	18.097	559
18.123	465	18.147	547
18.173	455	18.198	532
18.224	441	18.248	519
18.274	427	18.300	502
18.325	411	18.350	488
18.375	395	18.401	474
18.427	380	18.451	461
18.477	366	18.502	453
18.528	355	18.553	448
18.578	347	18.604	444
18.629	341	18.654	445
18.680	338	18.705	448
18.731	340	18.755	455
18.781	346	18.807	464
18.832	355	18.857	476
18.882	365	18.908	489
18.934	381	18.958	503
18.984	393	19.009	518
19.035	409	19.059	531
19.085	426	19.111	546
19.136	442	19.161	557
19.186	454	19.212	565
19.238	465	19.262	571
19.288	474	19.313	574
19.339	479	19.364	574
19.389	480	19.415	569
19.440	478	19.465	563
19.491	472	19.516	554
19.542	464	19.566	543
19.592	454	19.618	529
19.643	439	19.668	516
19.693	424	19.719	502
19.745	408	19.769	489
19.795	393	19.820	476
19.846	378	19.870	465
19.896	364	19.922	456
19.947	353	19.972	451
19.997	346	20.023	449
20.049	341	20.073	448
20.099	340	20.124	452
20.150	342	20.175	457
20.200	348	20.226	467
20.251	357	20.276	479
20.302	368	20.327	492
20.353	382	20.377	506
20.403	397	20.429	519
20.454	413	20.479	532
20.504	429	20.530	543
20.556	443	20.580	554
20.606	456	20.631	561
20.657	466	20.681	568
20.707	474	20.733	571
20.758	479	20.784	569
20.808	481	20.834	567
20.860	477	20.885	559
20.910	471	20.935	551
20.961	462	20.987	540
21.011	450	21.037	527
21.062	436	21.088	515
21.113	420	21.138	501
21.164	405	21.189	488
21.214	390	21.240	477
21.265	375	21.291	468
21.315	363	21.341	459
21.367	352	21.392	455
21.417	345	21.442	452
21.468	340	21.494	453
21.518	339	21.544	456
21.569	344	21.595	462
21.619	350	21.645	471
21.671	359	21.696	480
21.721	371	21.746	493
21.772	386	21.798	506
21.822	400	21.848	519
21.873	417	21.899	530
21.924	432	21.949	542
21.975	447	22.000	551
22.025	459	22.051	559
22.076	468	22.102	565
22.126	475	22.152	566
22.178	479	22.203	565
22.228	478	22.253	561
22.279	475	22.305	556
22.329	468	22.355	548
22.380	459	22.406	537
22.430	446	22.456	526
22.482	432	22.507	514
22.532	416	22.557	502
22.583	402	22.609	490
22.633	386	22.659	479
22.684	372	22.710	470
22.735	361	22.760	463
22.786	350	22.811	458
22.836	345	22.862	456
22.887	342	22.913	456
22.937	341	22.963	459
22.989	346	23.014	465
23.039	353	23.064	473
23.090	363	23.116	482
23.140	375	23.166	494
23.191	389	23.217	506
23.241	403	23.267	518
23.293	420	23.318	530
23.343	435	23.368	540
23.394	448	23.420	550
23.444	460	23.470	556
23.495	470	23.521	560
23.546	475	23.571	562
23.597	476	23.622	562
23.647	477	23.673	559
23.698	473	23.724	555
23.748	466	23.774	545
23.800	455	23.825	536
23.850	442	23.875	525
23.901	427	23.927	514
23.951	414	23.977	502
24.002	398	24.028	491
24.053	383	24.078	481
24.104	369	24.129	472
24.154	358	24.179	466
24.205	350	24.231	461
24.255	344	24.281	459
24.306	344	24.332	458
24.357	344	24.382	462
24.408	348	24.433	468
24.458	356	24.484	476
24.509	367	24.535	484
24.559	379	24.585	495
24.611	394	24.636	506
24.661	409	24.686	517
24.712	422	24.738	529
24.762	438	24.788	538
24.813	449	24.839	547
24.864	462	24.889	554
24.915	470	24.940	558
24.965	475	24.990	559
25.016	477	25.042	560
25.066	475	25.092	557
25.117	468	25.143	552
25.168	461	25.193	544
25.219	451	25.244	535
25.270	438	25.295	525
25.320	423	25.346	515
25.371	409	25.396	503
25.422	395	25.447	492
25.473	380	25.497	482
25.523	367	25.549	474
25.574	358	25.599	468
25.624	350	25.650	464
25.676	345	25.700	461
25.726	344	25.751	460
25.777	346	25.801	464
25.827	352	25.853	469
25.878	360	25.903	476
25.928	371	25.954	485
25.980	384	26.004	495
26.030	398	26.055	505
26.081	412	26.106	517
26.131	428	26.157	527
26.182	442	26.207	537
26.233	452	26.258	545
26.284	463	26.308	551
26.334	470	26.360	556
26.385	474	26.410	557
26.435	475	26.461	556
26.487	473	26.511	555
26.537	466	26.562	550
26.588	458	26.613	543
26.638	447	26.664	534
26.689	433	26.714	525
26.739	420	26.765	514
26.791	405	26.815	502
26.841	391	26.866	493
26.892	378	26.917	483
26.942	366	26.968	476
26.993	357	27.018	471
27.044	351	27.069	465
27.095	347	27.119	463
27.145	346	27.171	463
27.196	349	27.221	466
27.246	356	27.272	470
27.298	365	27.322	478
27.348	375	27.373	487
27.399	389	27.424	495
27.449	402	27.475	506
27.500	417	27.525	516
27.550	430	27.576	526
27.602	443	27.626	535
27.652	454	27.677	544
27.703	463	27.728	549
27.753	469	27.779	554
27.804	472	27.829	557
27.855	472	27.880	556
27.906	469	27.930	553
27.956	462	27.982	548
28.007	452	28.032	542
28.057	442	28.083	533
28.109	429	28.133	525
28.159	415	28.184	514
28.210	401	28.235	504
28.260	388	28.286	494
28.311	376	28.337	486
28.361	366	28.387	478
28.413	357	28.438	472
28.463	352	28.488	467
28.514	349	28.540	463
28.564	350	28.590	466
28.615	353	28.641	468
28.666	361	28.691	472
28.717	369	28.742	478
28.767	380	28.793	486
28.818	393	28.844	496
28.868	406	28.894	505
28.920	420	28.945	515
28.970	433	28.995	526
29.021	444	29.047	535
29.071	455	29.097	542
29.122	462	29.148	549
29.173	467	29.198	553
29.224	470	29.249	556
29.274	468	29.299	556
29.325	465	29.351	553
29.375	459	29.401	548
29.426	448	29.452	542
29.477	438	29.502	534
29.528	425	29.553	524
29.578	411	29.604	513
29.629	399	29.655	505
29.679	385	29.705	495
29.731	373	29.756	486
29.781	365	29.806	478
29.832	358	29.858	471
29.882	353	29.908	468
29.933	352	29.959	466
29.984	352	30.009	466
30.035	358	30.060	468
30.085	365	30.110	473
30.136	374	30.162	478
30.186	385	30.212	487
30.237	397	30.263	494
30.288	410	30.313	505
30.339	423	30.364	515
30.389	434	30.415	525
30.440	446	30.466	534
30.490	454	30.516	542
30.542	460	30.567	549
30.592	465	30.617	551
30.643	466	30.669	554
30.693	465	30.719	554
30.744	460	30.770	552
30.795	454	30.820	547
30.846	445	30.871	542
30.896	433	30.921	534
30.947	420	30.973	524
30.997	408	31.023	513
31.048	396	31.074	505
31.099	384	31.124	495
31.150	374	31.175	486
31.200	366	31.226	478
31.251	359	31.277	471
31.301	355	31.327	468
31.353	355	31.378	466
31.403	355	31.428	467
31.454	362	31.480	468
31.504	369	31.530	472
31.555	379	31.581	479
31.606	389	31.631	487
31.657	402	31.682	496
31.707	413	31.733	506
31.758	426	31.784	515
31.808	436	31.834	525
31.859	447	31.885	535
31.910	456	31.935	543
31.961	460	31.986	548
32.012	464	32.037	553
32.062	463	32.088	554
32.113	461	32.138	554
32.164	456	32.189	550
32.215	447	32.239	547
32.265	438	32.291	542
32.316	429	32.341	533
32.366	417	32.392	523
32.418	404	32.442	515
32.468	393	32.493	503
32.519	382	32.544	494
32.569	373	32.595	485
32.620	365	32.645	478
32.670	361	32.696	471
32.722	357	32.746	468
32.772	357	32.797	467
32.823	362	32.848	465
32.873	367	32.899	469
32.924	373	32.949	475
32.975	383	33.000	480
33.026	393	33.050	487
33.076	404	33.102	497
33.127	415	33.152	507
33.177	427	33.203	516
33.229	437	33.253	527
33.279	446	33.304	536
33.330	453	33.355	541
33.380	458	33.406	549
33.431	460	33.456	552
33.481	460	33.507	554
33.533	457	33.557	553
33.583	452	33.608	551
33.634	444	33.659	546
33.684	436	33.710	541
33.735	426	33.760	532
33.786	414	33.811	522
33.837	403	33.861	513
33.887	392	33.913	503
33.938	383	33.963	493
33.988	375	34.014	486
34.040	368	34.064	478
34.090	363	34.115	473
34.141	362	34.166	468
34.191	363	34.217	466
34.242	365	34.267	467
34.293	371	34.318	470
34.344	378	34.368	474
34.394	385	34.419	479
34.445	396	34.470	488
34.495	407	34.521	498
34.546	418	34.571	508
34.597	429	34.622	519
34.648	437	34.672	527
34.698	445	34.724	536
34.749	452	34.774	543
34.799	454	34.825	549
34.851	456	34.875	552
34.901	455	34.926	553
34.952	453	34.977	554
35.002	447	35.028	550
35.053	440	35.079	545
35.104	432	35.129	539
35.155	421	35.180	531
35.205	412	35.230	521
35.256	401	35.282	512
35.306	392	35.332	502
35.357	384	35.383	494
35.408	377	35.433	484
35.459	370	35.484	476
35.509	367	35.535	471
35.560	365	35.586	468
35.610	366	35.636	466
35.662	369	35.687	467
35.712	375	35.737	471
35.763	382	35.789	477
35.813	390	35.839	482
35.864	400	35.890	490
35.915	409	35.940	500
35.966	419	35.991	510
36.016	428	36.041	520
36.067	437	36.093	527
36.117	443	36.143	537
36.168	449	36.194	543
36.219	452	36.244	548
36.270	453	36.295	552
36.320	452	36.346	553
36.371	448	36.397	553
36.421	442	36.447	549
36.473	435	36.498	544
36.523	428	36.548	536
36.574	418	36.600	529
36.624	410	36.650	520
36.675	400	36.701	511
36.726	392	36.751	500
36.777	384	36.802	492
36.827	378	36.853	483
36.878	373	36.904	477
36.928	371	36.954	472
36.979	369	37.005	468
37.030	371	37.055	467
37.081	373	37.106	468
37.131	378	37.157	471
37.182	384	37.208	476
37.232	392	37.258	484
37.284	402	37.309	492
37.334	412	37.359	501
37.385	420	37.411	512
37.435	427	37.461	520
37.486	436	37.512	529
37.537	441	37.562	538
37.588	446	37.613	544
37.638	448	37.664	549
37.689	450	37.715	553
37.739	448	37.765	553
37.790	445	37.816	551
37.841	439	37.866	547
37.892	433	37.917	542
37.942	425	37.968	536
37.993	417	38.019	527
38.043	409	38.069	518
38.095	400	38.120	507
38.145	392	38.170	498
38.196	385	38.222	490
38.246	380	38.272	480
38.297	375	38.323	475
38.348	373	38.373	470
38.399	373	38.424	469
38.449	375	38.475	468
38.500	378	38.526	470
38.550	382	38.576	472
38.601	388	38.627	480
38.652	396	38.677	486
38.703	403	38.728	495
38.753	413	38.779	504
38.804	420	38.830	514
38.854	427	38.880	523
38.906	433	38.931	530
38.956	439	38.981	538
39.007	443	39.033	545
39.057	445	39.083	549
39.108	446	39.134	552
39.159	445	39.184	552
39.210	442	39.235	551
39.260	436	39.286	545
39.311	430	39.337	540
39.361	424	39.387	532
39.413	416	39.438	525
39.463	408	39.488	515
39.514	400	39.539	506
39.564	392	39.590	495
39.615	386	39.641	487
39.665	382	39.691	480
39.717	378	39.742	476
39.767	376	39.792	470
39.818	376	39.844	468
39.868	377	39.894	468
39.919	381	39.945	471
39.970	385	39.995	476
40.021	391	40.046	481
40.071	398	40.097	489
40.122	406	40.148	497
40.172	411	40.198	506
40.224	419	40.249	514
40.274	426	40.299	524
40.325	431	40.350	532
40.375	437	40.401	541
40.426	440	40.452	546
40.476	441	40.502	550
40.528	441	40.553	551
40.578	442	40.603	550
40.629	438	40.655	549
40.679	434	40.705	544
40.730	427	40.756	538
40.781	421	40.806	530
40.832	415	40.857	523
40.882	408	40.908	512
40.933	400	40.959	503
40.983	394	41.009	493
41.035	387	41.060	486
41.085	384	41.110	479
41.136	379	41.161	474
41.186	378	41.212	470
41.237	379	41.263	468
41.287	381	41.313	469
41.339	383	41.364	473
41.389	387	41.414	477
41.440	393	41.466	484
41.490	398	41.516	491
41.541	405	41.567	499
41.592	411	41.617	509
41.643	418	41.668	519
41.693	423	41.719	528
41.744	429	41.770	535
41.794	435	41.820	541
41.846	437	41.871	546
41.896	440	41.921	550
41.947	440	41.973	551
41.997	437	42.023	549
42.048	435	42.074	546
42.098	430	42.124	541
42.150	427	42.175	535
42.200	420	42.225	525
42.251	413	42.277	518
42.301	407	42.327	510
42.352	401	42.378	500
42.403	394	42.428	493
42.454	390	42.479	485
42.504	386	42.530	479
42.555	383	42.581	474
42.605	382	42.631	471
42.657	382	42.682	471
42.707	383	42.732	472
42.758	386	42.784	475
42.808	389	42.834	481
42.859	393	42.885	487
42.909	400	42.935	494
42.961	405	42.986	503
43.011	412	43.036	512
43.062	417	43.088	520
43.112	423	43.138	529
43.163	428	43.189	536
43.214	433	43.239	541
43.265	435	43.290	546
43.315	437	43.341	547
43.366	437	43.392	548
43.416	436	43.442	547
43.468	433	43.493	544
43.518	429	43.543	538
43.569	424	43.595	530
43.619	419	43.645	523
43.670	414	43.696	514
43.720	407	43.746	507
43.772	402	43.797	498
43.822	395	43.847	490
43.873	390	43.899	483
43.923	387	43.949	479
43.974	385	44.000	474
44.025	382	44.050	473
44.076	383	44.101	472
44.126	384	44.152	476
44.177	387	44.203	477
44.227	390	44.253	484
44.279	396	44.304	491
44.329	401	44.354	499
44.380	407	44.406	507
44.430	412	44.456	516
44.481	418	44.507	523
44.531	423	44.557	531
44.583	427	44.608	536
44.634	430	44.658	543
44.684	433	44.710	545
44.735	435	44.760	546
44.785	435	44.811	548
44.837	434	44.861	545
44.887	431	44.912	541
44.938	428	44.963	533
44.988	422	45.014	528
45.039	419	45.064	520
45.090	413	45.115	512
45.141	407	45.165	503
45.191	403	45.217	496
45.242	397	45.267	489
45.292	391	45.318	483
45.344	389	45.368	478
45.394	388	45.419	475
45.445	385	45.469	476
45.495	385	45.521	475
45.546	385	45.571	477
45.596	389	45.622	481
45.648	392	45.672	488
45.698	395	45.723	494
45.749	400	45.774	501
45.799	405	45.825	510
45.850	412	45.875	516
45.901	416	45.926	525
45.952	422	45.976	532
46.002	426	46.028	538
46.053	431	46.078	542
46.103	431	46.129	543
46.155	434	46.179	545
46.205	433	46.230	543
46.256	432	46.280	540
46.306	430	46.332	537
46.357	427	46.382	531
46.407	423	46.433	525
46.459	417	46.483	518
46.509	413	46.534	509
46.560	406	46.585	502
46.610	402	46.636	495
46.661	397	46.686	488
46.712	392	46.737	483
46.763	391	46.787	479
46.813	387	46.839	475
46.864	387	46.889	477
46.914	386	46.940	479
46.966	386	46.990	481
47.016	389	47.041	485
47.067	394	47.091	491
47.117	396	47.143	498
47.168	402	47.193	505
47.218	407	47.244	513
47.270	411	47.294	520
47.320	416	47.345	526
47.371	422	47.396	531
47.421	425	47.447	537
47.472	427	47.497	540
47.523	431	47.548	543
47.574	431	47.599	540
47.624	432	47.650	541
47.675	431	47.701	537
47.725	430	47.751	536
47.777	426	47.802	527
47.827	423	47.852	522
47.878	418	47.904	514
47.928	414	47.954	508
47.979	408	48.005	500
48.029	403	48.055	493
48.081	399	48.106	489
48.131	395	48.156	485
48.182	392	48.208	481
48.232	389	48.258	479
48.283	387	48.309	480
48.334	388	48.359	481
48.385	388	48.410	484
48.435	390	48.461	489
48.486	393	48.512	494
48.536	397	48.562	500
48.588	401	48.613	507
48.638	406	48.663	515
48.689	411	48.715	521
48.739	416	48.765	527
48.790	420	48.816	532
48.840	424	48.866	536
48.892	427	48.917	537
48.942	429	48.967	540
48.993	431	49.019	540
49.043	431	49.069	537
49.094	429	49.120	533
49.145	428	49.170	530
49.196	424	49.221	524
49.246	420	49.272	518
49.297	416	49.323	511
49.347	411	49.373	505
49.399	408	49.424	499
49.449	403	49.474	493
49.500	399	49.526	488
49.550	396	49.576	485
49.601	393	49.627	483
49.651	390	49.677	482
49.703	390	49.728	483
49.753	389	49.778	485
49.804	391	49.830	488
49.854	392	49.880	492
49.905	395	49.931	496
49.956	398	49.981	502
50.007	402	50.032	510
50.057	406	50.083	516
50.108	411	50.134	521
50.158	415	50.184	528
50.210	419	50.235	530
50.260	422	50.285	533
50.311	426	50.337	536
50.361	429	50.387	537
50.412	430	50.438	535
50.462	430	50.488	534
50.514	428	50.539	531
50.564	427	50.589	526
50.615	424	50.641	522
50.665	421	50.691	516
50.716	417	50.742	511
50.767	412	50.792	504
50.818	407	50.843	499
50.869	403	50.894	493
50.919	398	50.945	488
50.970	395	50.995	487
51.021	393	51.046	486
51.072	392	51.096	486
51.122	390	51.148	485
51.173	388	51.198	488
51.223	390	51.249	492
51.275	393	51.299	496
51.325	396	51.350	500
51.376	399	51.400	507
51.426	403	51.452	513
51.477	407	51.502	516
51.527	413	51.553	521
51.579	416	51.603	527
51.629	420	51.654	530
51.680	424	51.705	532
51.730	426	51.756	535
51.781	427	51.806	534
51.832	429	51.857	533
51.883	429	51.907	530
51.933	427	51.959	526
51.984	426	52.009	522
52.034	423	52.060	518
52.086	419	52.110	513
52.136	415	52.161	508
52.187	411	52.211	502
52.237	407	52.263	498
52.288	403	52.313	493
52.338	400	52.364	491
52.390	396	52.414	489
52.440	393	52.465	488
52.491	392	52.516	488
52.541	391	52.567	490
52.592	391	52.617	491
52.643	392	52.668	495
52.694	394	52.718	498
52.744	396	52.770	504
52.795	400	52.820	508
52.845	404	52.871	512
52.897	408	52.921	517
52.947	412	52.972	523
52.998	416	53.022	525
53.048	420	53.074	528
53.099	423	53.124	530
53.149	425	53.175	532
53.201	428	53.225	531
53.251	429	53.276	530
53.302	428	53.327	527
53.352	427	53.378	524
53.403	425	53.428	522
53.454	420	53.479	517
53.505	418	53.529	511
53.555	414	53.581	507
53.606	411	53.631	502
53.656	406	53.682	498
53.708	402	53.732	495
53.758	399	53.783	492
53.809	395	53.833	491
53.859	394	53.885	489
53.910	392	53.936	491
53.960	393	53.986	491
54.012	392	54.037	493
54.062	392	54.087	496
54.113	394	54.139	499
54.163	399	54.189	505
54.214	401	54.240	511
54.265	405	54.290	515
54.316	410	54.341	518
54.366	413	54.392	521
54.417	417	54.443	525
54.467	419	54.493	527
54.519	424	54.544	527
54.569	425	54.594	529
54.620	427	54.646	527
54.670	428	54.696	527
54.721	427	54.747	524
54.771	425	54.797	521
54.823	425	54.848	517
54.873	420	54.898	514
54.924	417	54.950	510
54.974	414	55.000	506
55.025	409	55.051	502
55.076	406	55.101	499
55.127	400	55.152	496
55.177	398	55.203	494
55.228	396	55.254	493
55.278	395	55.304	492
55.330	392	55.355	495
55.380	392	55.405	496
55.431	393	55.457	498
55.481	394	55.507	501
55.532	397	55.558	504
55.582	400	55.608	508
55.634	403	55.659	510
55.684	407	55.709	514
55.735	412	55.761	519
55.785	414	55.811	521
55.836	418	55.862	522
55.887	421	55.912	526
55.938	425	55.963	527
55.988	426	56.014	524
56.039	427	56.065	527
56.089	428	56.115	524
56.141	426	56.166	522
56.191	425	56.216	519
56.242	421	56.268	516
56.292	419	56.318	512
56.343	415	56.369	507
56.393	413	56.419	505
56.445	407	56.470	501
56.495	405	56.520	500
56.546	400	56.572	497
56.596	397	56.622	496
56.647	395	56.673	496
56.698	394	56.723	496
56.749	393	56.774	497
56.799	393	56.825	498
56.850	393	56.876	501
56.900	396	56.926	503
56.952	398	56.977	505
57.002	401	57.027	509
57.053	404	57.079	512
57.103	409	57.129	515
57.154	412	57.180	517
57.205	416	57.230	520
57.256	419	57.281	521
57.306	422	57.331	523
57.357	422	57.383	524
57.407	425	57.433	523
57.458	426	57.484	522
57.509	424	57.534	521
57.560	425	57.585	519
57.610	422	57.636	516
57.661	418	57.687	514
57.711	417	57.737	511
57.763	412	57.788	508
57.813	411	57.838	505
57.864	407	57.890	503
57.914	404	57.940	502
57.965	400	57.991	499
58.016	398	58.041	498
58.067	396	58.092	499
58.117	395	58.142	498
58.168	394	58.194	498
58.218	394	58.244	501
58.269	396	58.295	503
58.320	398	58.345	505
58.371	401	58.396	507
58.422	402	58.447	509
58.472	406	58.498	512
58.523	409	58.548	515
58.574	414	58.599	517
58.625	417	58.649	520
58.675	419	58.701	520
58.726	421	58.751	522
58.776	424	58.802	521
58.828	424	58.852	522
58.878	424	58.903	520
58.929	425	58.953	518
58.979	422	59.005	517
59.030	422	59.055	515
59.080	417	59.106	513
59.132	415	59.156	510
59.182	411	59.207	508
59.233	410	59.258	507
59.283	404	59.309	505
59.334	402	59.359	501
59.385	400	59.410	503
59.436	397	59.460	500
59.486	398	59.512	500
59.537	395	59.562	501
59.587	396	59.613	501
59.639	397	59.663	503
59.689	398	59.714	504
59.740	399	59.765	507
59.790	403	59.816	508
59.841	405	59.866	511
59.891	408	59.917	511
59.943	411	59.967	514
59.993	415	60.018	516
60.044	418	60.069	518
60.094	419	60.120	519
60.145	422	60.170	520
60.196	423	60.221	520
60.247	425	60.271	519
60.297	422	60.323	518
60.348	422	60.373	518
60.398	419	60.424	515
60.450	419	60.474	513
60.500	415	60.525	511
60.551	414	60.576	509
60.601	410	60.627	508
60.652	407	60.677	507
60.702	404	60.728	506
60.754	402	60.778	504
60.804	400	60.829	504
60.855	398	60.880	503
60.905	398	60.931	503
60.956	395	60.981	502
61.007	398	61.032	503
61.058	396	61.082	505
61.108	400	61.134	506
61.159	403	61.184	509
61.209	403	61.235	510
61.261	407	61.285	512
61.311	410	61.336	513
61.362	413	61.387	515
61.412	416	61.438	514
61.463	418	61.489	516
61.513	419	61.539	518
61.565	422	61.590	517
61.615	422	61.640	516
61.666	423	61.692	518
61.716	421	61.742	515
61.767	420	61.793	512
61.818	419	61.843	514
61.869	417	61.894	512
61.919	414	61.945	511
61.970	410	61.996	510
62.020	408	62.046	508
62.072	405	62.097	506
62.122	402	62.147	507
62.173	402	62.199	506
62.223	400	62.249	506
62.274	398	62.300	504
62.325	399	62.350	503
62.376	396	62.401	504
62.426	399	62.451	505
62.477	399	62.503	506
62.527	402	62.553	508
62.578	404	62.604	509
62.629	407	62.654	510
62.680	409	62.705	511
62.730	411	62.756	513
62.781	415	62.807	513
62.831	417	62.857	513
62.883	420	62.908	514
62.933	420	62.958	516
62.984	421	63.010	515
63.034	422	63.060	514
63.085	422	63.111	515
63.136	419	63.161	516
63.187	419	63.212	513
63.237	416	63.262	513
63.288	414	63.314	511
63.338	413	63.364	511
63.389	410	63.415	510
63.440	406	63.465	508
63.491	405	63.516	507
63.541	403	63.567	505
63.592	401	63.618	506
63.642	400	63.668	505
63.694	398	63.719	505
63.744	400	63.769	506
63.795	400	63.821	507
63.845	401	63.871	507
63.896	402	63.922	508
63.947	404	63.972	507
63.998	406	64.023	509
64.048	409	64.073	511
64.099	411	64.125	511
64.149	413	64.175	512
64.200	416	64.226	513
64.251	417	64.276	514
64.302	418	64.327	513
64.352	420	64.378	513
64.403	419	64.429	514
64.453	419	64.479	513
64.505	419	64.530	514
64.555	418	64.580	513
64.606	417	64.632	512
64.656	415	64.682	512
64.707	412	64.733	510
64.758	411	64.783	510
64.809	408	64.834	509
64.859	405	64.885	509
64.910	403	64.936	507
64.960	403	64.986	507
65.011	402	65.037	507
65.062	400	65.087	506
65.113	400	65.138	506
65.164	400	65.189	506
65.214	401	65.240	506
65.265	402	65.290	507
65.316	404	65.341	508
65.367	407	65.391	509
65.417	408	65.443	511
65.468	411	65.493	510
65.518	413	65.544	512
65.570	414	65.594	512
65.620	416	65.645	513
65.671	417	65.696	513
65.721	418	65.747	513
65.772	418	65.797	512
65.822	418	65.848	513
65.874	418	65.898	514
65.924	417	65.949	512
65.975	416	66.000	512
66.025	414	66.051	511
66.076	412	66.101	511
66.127	411	66.152	510
66.178	408	66.202	508
66.228	407	66.254	509
66.279	406	66.304	507
66.329	404	66.355	508
66.381	403	66.405	508
66.431	402	66.456	507
66.482	402	66.507	507
66.532	402	66.558	509
66.583	402	66.608	507
66.633	404	66.659	507
66.685	405	66.709	508
66.735	406	66.760	509
66.786	408	66.811	510
66.836	410	66.862	510
66.887	412	66.912	511
66.938	414	66.963	510
66.989	415	67.013	511
67.039	416	67.065	511
67.090	416	67.115	511
67.140	417	67.166	511
67.192	417	67.216	513
67.242	417	67.267	513
67.293	416	67.318	513
67.343	415	67.369	512
67.394	413	67.419	511
67.445	412	67.470	511
67.496	411	67.520	511
67.546	409	67.571	510
67.597	407	67.622	509
67.647	405	67.673	509
67.698	405	67.723	508
67.749	404	67.774	508
67.800	403	67.824	508
67.850	403	67.876	507
67.901	403	67.926	507
67.951	404	67.977	509
68.003	404	68.027	509
68.053	406	68.078	508
68.104	407	68.129	510
68.154	409	68.180	509
68.205	410	68.231	511
68.256	412	68.281	511
68.307	413	68.332	511
68.357	415	68.382	511
68.408	415	68.434	512
68.458	417	68.484	513
68.509	417	68.535	513
68.560	416	68.585	513
68.611	416	68.636	511
68.661	415	68.687	511
68.712	413	68.738	511
68.762	413	68.788	511
68.814	411	68.839	510
68.864	411	68.889	511
68.915	410	68.941	510
68.965	407	68.991	507
69.016	406	69.042	508
69.067	405	69.092	509
69.118	405	69.143	509
69.168	404	69.193	508
69.219	404	69.245	508
69.269	404	69.295	509
69.320	405	69.346	509
69.371	405	69.396	509
69.422	406	69.447	509
69.472	408	69.498	509
69.523	409	69.549	510
69.573	410	69.599	510
69.625	411	69.650	511
69.675	413	69.700	511
69.726	413	69.752	511
69.776	415	69.802	511
69.827	416	69.853	511
69.878	416	69.903	511
69.929	415	69.954	512
69.979	415	70.005	511
70.030	414	70.056	511
70.080	413	70.106	511
70.131	412	70.157	510
70.182	411	70.207	510
70.233	411	70.258	510
70.283	408	70.309	510
70.334	408	70.360	510
70.384	407	70.410	509
70.436	407	70.461	509
70.486	406	70.511	510
70.537	406	70.563	509
70.587	405	70.613	510
70.638	405	70.664	509
70.689	406	70.714	508
70.740	406	70.765	508
70.790	408	70.816	509
70.841	408	70.867	510
70.891	410	70.917	509
70.942	410	70.968	510
70.993	410	71.018	510
71.044	412	71.069	511
71.094	413	71.120	510
71.145	414	71.171	511
71.195	415	71.221	511
71.247	414	71.272	512
71.297	414	71.322	511
71.348	414	71.374	511
71.398	414	71.424	511
71.449	412	71.475	511
71.500	411	71.525	510
71.551	412	71.576	511
71.601	410	71.627	510
71.652	407	71.678	510
71.702	408	71.728	510
71.753	407	71.779	510
71.804	407	71.829	509
71.855	406	71.880	509
71.905	405	71.931	508
71.956	405	71.982	510
72.006	406	72.032	510
72.058	407	72.083	509
72.108	408	72.133	509
72.159	409	72.185	509
72.209	409	72.235	511
72.260	410	72.286	510
72.311	411	72.336	510
72.362	411	72.387	509
72.412	413	72.438	511
72.463	413	72.489	512
72.513	415	72.539	511
72.565	414	72.590	512
72.615	413	72.640	512
72.666	413	72.691	511
72.716	413	72.742	511
72.767	412	72.793	511
72.817	412	72.843	511
72.869	411	72.894	511
72.919	410	72.944	510
72.970	411	72.996	509
73.020	408	73.046	509
73.071	408	73.097	510
73.122	408	73.147	510
73.173	408	73.198	509
73.223	406	73.249	510
73.274	406	73.300	510
73.324	407	73.350	510
73.376	407	73.401	509
73.426	408	73.451	511
73.477	408	73.502	509
73.527	408	73.553	509
73.578	411	73.604	510
73.628	410	73.654	510
73.680	410	73.705	510
73.730	412	73.755	510
73.781	413	73.807	511
73.831	413	73.857	510
73.882	412	73.908	511
73.933	413	73.958	510
73.984	412	74.009	511
74.034	412	74.060	510
74.085	412	74.111	511
74.135	412	74.161	510
74.187	411	74.212	510
74.237	410	74.262	511
74.288	409	74.313	510
74.338	408	74.364	509
74.389	407	74.415	510
74.439	408	74.465	510
74.491	407	74.516	509
74.541	407	74.566	510
74.592	407	74.618	510
74.642	407	74.668	510
74.693	407	74.719	508
74.744	409	74.769	511
74.795	409	74.820	510
74.845	410	74.871	510
74.896	410	74.922	511
74.946	410	74.972	510
74.998	410	75.023	511
75.048	413	75.073	511
75.099	412	75.125	510
75.149	412	75.175	509
75.200	412	75.226	511
75.250	412	75.276	511
75.302	412	75.327	512
75.352	412	75.377	511
75.403	410	75.429	510
75.453	411	75.479	510
75.504	411	75.530	510
75.555	410	75.580	510
75.606	410	75.631	511
75.656	408	75.682	509
75.707	408	75.733	510
75.757	408	75.783	510
75.809	407	75.834	509
75.859	408	75.884	510
75.910	408	75.936	510
75.960	408	75.986	510
76.011	408	76.037	510
76.061	408	76.087	511
76.113	409	76.138	510
76.163	410	76.188	511
76.214	409	76.240	509
76.264	410	76.290	511
76.315	411	76.341	510
76.366	412	76.391	511
76.417	411	76.442	510
76.467	411	76.493	510
76.518	412	76.544	511
76.568	411	76.594	510
76.620	412	76.645	510
76.670	412	76.695	510
76.721	411	76.747	509
76.771	411	76.797	510
76.822	410	76.848	510
76.872	410	76.898	510
76.924	410	76.949	509
76.974	410	76.999	510
77.025	409	77.051	509
77.075	409	77.101	509
77.126	408	77.152	508
77.178	409	77.202	509
77.228	409	77.253	510
77.279	408	77.304	511
77.329	408	77.355	510
77.380	408	77.405	509
77.431	409	77.456	509
77.482	410	77.506	509
77.532	409	77.558	509
77.583	410	77.608	511
77.633	411	77.659	509
77.685	412	77.709	510
77.735	412	77.760	510
77.786	412	77.810	510
77.836	412	77.862	510
77.887	412	77.912	511
77.937	411	77.963	510
77.989	412	78.013	511
78.039	411	78.064	511
78.090	411	78.115	510
78.140	410	78.166	511
78.191	410	78.216	510
78.242	409	78.267	510
78.293	409	78.317	510
78.343	410	78.369	510
78.394	410	78.419	510
78.444	409	78.470	510
78.496	408	78.520	509
78.546	408	78.571	511
78.597	408	78.621	510
78.647	409	78.673	508
78.698	409	78.723	510
78.748	410	78.774	509
78.800	409	78.824	510
78.850	410	78.875	510
78.901	410	78.926	510
