#Creator: pendulumviewEventBuffer
#Creation time: Sun Jan 11 01:39:54 2009
#Time A	Pos A	Time B	Pos B
#[s]	[au]	[s]	[au]
0.026	512	0.051	413
0.076	515	0.101	412
0.127	511	0.153	413
0.177	515	0.203	413
0.228	509	0.254	413
0.279	517	0.304	413
0.330	512	0.355	411
0.380	513	0.406	413
0.431	510	0.457	412
0.481	513	0.507	411
0.533	513	0.558	416
0.584	515	0.608	410
0.634	513	0.659	415
0.685	510	0.710	411
0.735	518	0.761	415
0.786	510	0.811	415
0.837	510	0.862	419
0.888	500	0.912	431
0.938	485	0.964	448
0.989	467	1.014	468
1.039	443	1.065	489
1.091	419	1.115	517
1.141	393	1.166	541
1.192	369	1.217	564
1.242	345	1.268	586
1.293	326	1.318	604
1.344	309	1.369	617
1.395	298	1.419	624
1.445	293	1.470	626
1.496	294	1.521	623
1.546	302	1.572	613
1.597	315	1.622	599
1.648	331	1.673	581
1.699	352	1.723	559
1.749	376	1.775	535
1.800	402	1.825	510
1.850	427	1.876	486
1.902	451	1.926	464
1.952	472	1.977	445
2.003	490	2.028	431
2.053	503	2.079	421
2.104	509	2.129	415
2.155	511	2.180	417
2.206	507	2.230	424
2.256	495	2.282	436
2.307	481	2.332	453
2.357	463	2.383	473
2.408	440	2.433	497
2.459	414	2.484	520
2.510	388	2.534	544
2.560	364	2.586	567
2.611	343	2.636	586
2.661	325	2.687	603
2.713	309	2.737	616
2.763	300	2.788	621
2.814	297	2.839	622
2.864	298	2.890	617
2.915	306	2.940	607
2.966	320	2.991	593
3.017	337	3.041	574
3.067	356	3.093	553
3.118	381	3.143	530
3.168	406	3.194	505
3.219	430	3.244	484
3.270	453	3.295	461
3.321	472	3.345	443
3.371	488	3.397	431
3.422	500	3.447	422
3.472	507	3.498	419
3.524	508	3.548	421
3.574	503	3.599	427
3.625	491	3.650	441
3.675	479	3.701	458
3.726	458	3.751	478
3.777	435	3.802	501
3.828	412	3.853	525
3.878	387	3.904	548
3.929	364	3.955	570
3.979	342	4.005	587
4.030	325	4.056	603
4.081	310	4.106	613
4.132	301	4.157	618
4.182	298	4.208	618
4.233	302	4.259	613
4.283	309	4.309	602
4.335	323	4.360	588
4.385	340	4.410	569
4.436	361	4.462	547
4.486	384	4.512	525
4.537	407	4.563	501
4.588	431	4.613	479
4.639	454	4.664	458
4.689	474	4.715	443
4.740	489	4.766	429
4.790	500	4.816	423
4.842	505	4.867	420
4.892	505	4.917	423
4.943	500	4.968	431
4.993	487	5.019	447
5.044	472	5.070	464
5.094	454	5.120	483
5.146	431	5.171	505
5.196	407	5.221	528
5.247	384	5.273	552
5.297	360	5.323	571
5.348	341	5.374	590
5.399	324	5.424	603
5.450	311	5.475	613
5.500	304	5.526	615
5.551	302	5.577	617
5.601	305	5.627	609
5.653	312	5.678	599
5.703	328	5.728	583
5.754	345	5.779	564
5.804	365	5.830	543
5.855	388	5.881	520
5.905	411	5.931	497
5.957	434	5.982	476
6.007	456	6.032	457
6.058	474	6.084	442
6.108	488	6.134	430
6.159	498	6.185	424
6.210	502	6.235	422
6.261	501	6.286	427
6.311	496	6.337	437
6.362	482	6.388	449
6.412	469	6.438	467
6.464	447	6.489	488
6.514	427	6.539	510
6.565	404	6.590	533
6.615	381	6.641	554
6.666	359	6.692	574
6.716	340	6.742	590
6.768	324	6.793	602
6.818	312	6.843	611
6.869	306	6.895	615
6.919	304	6.945	613
6.970	307	6.996	605
7.021	318	7.046	595
7.072	331	7.097	577
7.122	348	7.148	559
7.173	370	7.199	539
7.223	392	7.249	516
7.275	414	7.300	493
7.325	437	7.350	473
7.376	457	7.402	455
7.426	473	7.452	441
7.477	488	7.503	430
7.527	496	7.553	425
7.579	501	7.604	425
7.629	499	7.654	430
7.680	492	7.706	440
7.730	479	7.756	453
7.781	464	7.807	472
7.832	446	7.857	492
7.883	423	7.908	514
7.933	401	7.959	536
7.984	376	8.010	556
8.034	357	8.060	576
8.086	339	8.111	592
8.136	323	8.161	602
8.187	313	8.213	611
8.237	307	8.263	611
8.288	306	8.314	610
8.338	311	8.364	602
8.390	321	8.415	590
8.440	336	8.465	575
8.491	355	8.517	555
8.541	374	8.567	535
8.592	397	8.618	514
8.643	420	8.668	492
8.694	442	8.719	472
8.744	460	8.770	455
8.795	476	8.821	441
8.845	488	8.871	432
8.897	494	8.922	427
8.947	497	8.972	427
8.998	495	9.024	432
9.048	487	9.074	443
9.099	474	9.125	457
9.149	459	9.175	475
9.201	439	9.226	495
9.251	419	9.276	517
9.302	397	9.328	539
9.352	375	9.378	558
9.403	355	9.429	577
9.454	338	9.479	592
9.505	324	9.530	603
9.555	315	9.581	609
9.606	309	9.632	609
9.656	309	9.682	606
9.708	317	9.733	600
9.758	326	9.783	587
9.809	341	9.835	571
9.859	358	9.885	550
9.910	379	9.936	530
9.960	400	9.986	509
10.012	422	10.037	488
10.062	442	10.087	470
10.113	462	10.139	453
10.163	476	10.189	440
10.214	487	10.240	432
10.265	493	10.290	428
10.316	496	10.341	431
10.366	493	10.392	437
10.417	484	10.443	445
10.467	472	10.493	462
10.519	456	10.544	480
10.569	436	10.594	500
10.620	415	10.646	520
10.670	394	10.696	542
10.721	372	10.747	561
10.771	353	10.797	578
10.823	336	10.848	592
10.873	324	10.898	602
10.924	315	10.950	607
10.974	311	11.000	607
11.025	313	11.051	604
11.077	319	11.101	594
11.127	331	11.152	582
11.178	345	11.203	566
11.228	364	11.254	548
11.279	384	11.304	528
11.330	405	11.355	506
11.381	426	11.405	486
11.431	445	11.457	468
11.482	462	11.507	453
11.532	477	11.558	441
11.584	487	11.608	432
11.634	493	11.659	430
11.685	493	11.709	433
11.735	488	11.761	439
11.786	479	11.811	451
11.836	467	11.862	464
11.888	450	11.912	483
11.938	431	11.963	503
11.989	411	12.014	523
12.039	389	12.065	543
12.090	369	12.115	562
12.141	351	12.166	578
12.192	336	12.216	591
12.242	324	12.268	601
12.293	317	12.318	606
12.343	315	12.369	607
12.395	317	12.419	601
12.445	325	12.470	593
12.496	336	12.520	580
12.546	349	12.572	562
12.597	368	12.622	545
12.647	388	12.673	524
12.699	408	12.723	503
12.749	428	12.774	484
12.800	446	12.825	466
12.850	463	12.876	451
12.901	476	12.926	441
12.952	486	12.977	434
13.003	491	13.027	431
13.053	490	13.079	435
13.104	486	13.129	442
13.154	477	13.180	453
13.206	462	13.230	470
13.256	447	13.281	487
13.307	427	13.331	507
13.357	406	13.383	527
13.408	388	13.433	546
13.458	367	13.484	564
13.510	350	13.534	580
13.560	334	13.585	591
13.611	324	13.636	599
13.661	316	13.687	604
13.712	317	13.737	603
13.763	320	13.788	599
13.814	328	13.838	588
13.864	340	13.890	576
13.915	355	13.940	560
13.965	373	13.991	541
14.017	393	14.041	521
14.067	412	14.092	502
14.118	432	14.142	482
14.168	451	14.194	466
14.219	466	14.245	452
14.269	478	14.295	441
14.321	485	14.346	435
14.371	489	14.396	434
14.422	487	14.448	437
14.472	482	14.498	444
14.523	472	14.549	457
14.574	457	14.599	472
14.625	441	14.650	489
14.675	423	14.701	509
14.726	403	14.752	528
14.776	382	14.802	548
14.828	364	14.853	566
14.878	348	14.903	580
14.929	335	14.955	592
14.979	323	15.005	599
15.030	320	15.056	602
15.080	318	15.106	600
15.132	322	15.157	595
15.182	331	15.207	585
15.233	343	15.259	572
15.283	359	15.309	555
15.334	378	15.360	537
15.385	397	15.410	519
15.436	416	15.461	498
15.486	436	15.512	480
15.537	452	15.563	464
15.587	468	15.613	452
15.639	477	15.664	443
15.689	486	15.714	437
15.740	487	15.766	436
15.790	485	15.816	440
15.841	478	15.867	448
15.891	468	15.917	460
15.943	453	15.968	476
15.993	437	16.018	493
16.044	418	16.070	511
16.094	399	16.120	531
16.145	380	16.171	549
16.196	362	16.221	566
16.247	346	16.272	581
16.297	335	16.323	591
16.348	326	16.374	598
16.398	320	16.424	600
16.450	321	16.475	598
16.500	326	16.525	593
16.551	336	16.577	580
16.601	348	16.627	568
16.652	362	16.678	553
16.702	382	16.728	534
16.754	401	16.779	516
16.804	420	16.829	496
16.855	438	16.881	480
16.905	455	16.931	464
16.956	470	16.982	452
17.007	478	17.032	444
17.058	483	17.083	439
17.108	486	17.134	440
17.159	483	17.185	444
17.209	475	17.235	452
17.261	465	17.286	464
17.311	450	17.336	479
17.362	433	17.388	497
17.412	414	17.438	514
17.463	396	17.489	533
17.514	377	17.539	551
17.565	360	17.590	567
17.615	345	17.640	580
17.666	332	17.692	590
17.716	325	17.742	595
17.767	323	17.793	597
17.818	322	17.843	594
17.869	328	17.894	587
17.919	338	17.945	577
17.970	352	17.996	564
18.020	368	18.046	548
18.072	386	18.097	532
18.122	405	18.147	514
18.173	424	18.199	495
18.223	442	18.249	479
18.274	458	18.300	464
18.325	470	18.350	453
18.376	477	18.401	445
18.426	483	18.451	443
18.477	484	18.503	443
18.527	480	18.553	447
18.578	472	18.604	456
18.629	460	18.654	468
18.680	446	18.705	483
18.731	429	18.756	499
18.781	411	18.807	519
18.832	392	18.857	535
18.883	374	18.908	552
18.934	357	18.958	567
18.984	344	19.010	580
19.035	332	19.060	589
19.085	327	19.111	593
19.137	324	19.161	595
19.187	326	19.212	591
19.238	331	19.262	584
19.288	341	19.314	573
19.339	354	19.364	560
19.389	370	19.415	545
19.441	389	19.465	528
19.491	408	19.516	510
19.542	426	19.567	493
19.592	444	19.618	477
19.643	458	19.668	463
19.694	469	19.719	454
19.745	479	19.769	447
19.795	483	19.821	445
19.846	482	19.871	446
19.896	479	19.922	452
19.948	470	19.972	460
19.998	458	20.023	472
20.049	444	20.074	487
20.099	426	20.125	503
20.150	407	20.175	520
20.200	389	20.226	538
20.252	372	20.276	552
20.302	355	20.327	568
20.353	343	20.378	579
20.403	332	20.429	586
20.454	325	20.479	591
20.505	325	20.530	591
20.556	327	20.580	586
20.606	334	20.632	578
20.657	343	20.682	567
20.707	357	20.733	555
20.759	373	20.783	541
20.809	393	20.834	524
20.860	412	20.885	509
20.910	430	20.936	492
20.961	447	20.986	478
21.011	461	21.037	465
21.063	472	21.087	456
21.113	479	21.138	449
21.164	483	21.189	448
21.214	481	21.240	450
21.265	477	21.290	455
21.316	466	21.341	464
21.367	455	21.391	476
21.417	440	21.443	490
21.468	422	21.493	506
21.518	403	21.544	524
21.570	386	21.594	538
21.620	370	21.645	554
21.671	353	21.696	568
21.721	342	21.747	578
21.772	332	21.798	584
21.822	327	21.848	588
21.874	324	21.899	587
21.924	328	21.949	584
21.975	336	22.001	575
22.025	346	22.051	564
22.076	360	22.102	552
22.127	378	22.152	537
22.178	396	22.203	520
22.228	414	22.254	506
22.279	432	22.305	489
22.329	448	22.355	475
22.381	461	22.406	464
22.431	472	22.456	455
22.482	479	22.508	451
22.532	480	22.558	450
22.583	480	22.609	453
22.634	476	22.659	459
22.685	465	22.710	469
22.735	452	22.760	481
22.786	436	22.812	495
22.836	419	22.862	511
22.887	403	22.913	527
22.938	384	22.963	542
22.989	367	23.014	558
23.039	353	23.065	570
23.090	341	23.116	577
23.140	332	23.166	582
23.192	327	23.217	585
23.242	328	23.267	585
23.293	331	23.319	579
23.343	338	23.369	570
23.394	348	23.420	560
23.445	363	23.470	547
23.496	381	23.521	532
23.546	398	23.571	517
23.597	415	23.623	502
23.647	434	23.673	488
23.698	450	23.724	476
23.749	463	23.774	466
23.800	472	23.825	458
23.850	479	23.876	454
23.901	481	23.927	454
23.951	479	23.977	457
24.003	473	24.028	463
24.053	462	24.078	473
24.104	450	24.130	484
24.154	436	24.180	499
24.205	416	24.231	514
24.256	399	24.281	528
24.307	382	24.332	544
24.357	365	24.382	556
24.408	352	24.434	568
24.458	340	24.484	578
24.509	332	24.535	582
24.560	328	24.585	583
24.611	329	24.636	581
24.661	333	24.687	575
24.712	341	24.738	567
24.762	351	24.788	556
24.814	365	24.839	543
24.864	382	24.889	528
24.915	400	24.941	514
24.965	418	24.991	499
25.016	435	25.042	485
25.067	450	25.092	475
25.118	462	25.143	465
25.168	472	25.194	457
25.219	477	25.245	455
25.269	479	25.295	455
25.320	477	25.346	460
25.371	470	25.396	466
25.422	461	25.447	477
25.473	448	25.498	489
25.523	430	25.549	503
25.574	414	25.599	519
25.625	398	25.650	532
25.676	381	25.700	547
25.726	364	25.752	559
25.777	351	25.802	569
25.827	341	25.853	575
25.879	333	25.903	578
25.929	330	25.954	582
25.980	330	26.005	577
26.030	334	26.056	571
26.081	344	26.106	563
26.131	354	26.157	552
26.183	368	26.207	539
26.233	385	26.258	524
26.284	403	26.309	510
26.334	421	26.360	497
26.385	437	26.410	484
26.436	451	26.461	474
26.487	464	26.511	464
26.537	471	26.563	461
26.588	476	26.613	457
26.638	477	26.664	459
26.690	474	26.714	463
26.740	466	26.765	471
26.791	456	26.816	481
26.841	444	26.867	494
26.892	430	26.917	507
26.942	413	26.968	523
26.994	396	27.018	536
27.044	379	27.069	548
27.095	364	27.120	561
27.145	351	27.171	570
27.196	341	27.221	575
27.247	334	27.272	579
27.298	332	27.322	578
27.348	332	27.374	574
27.399	337	27.424	568
27.449	347	27.475	559
27.501	359	27.525	548
27.551	372	27.576	535
27.602	389	27.627	520
27.652	404	27.678	507
27.703	422	27.728	494
27.754	437	27.779	482
27.805	451	27.829	472
27.855	463	27.880	464
27.906	470	27.931	461
27.956	475	27.982	459
28.007	475	28.032	461
28.058	471	28.083	467
28.109	465	28.133	474
28.159	454	28.185	485
28.210	443	28.235	497
28.260	426	28.286	511
28.312	409	28.336	525
28.362	394	28.387	539
28.413	378	28.438	551
28.463	364	28.489	562
28.514	351	28.540	569
28.565	342	28.590	574
28.616	336	28.641	578
28.666	333	28.691	576
28.717	336	28.743	574
28.767	342	28.793	566
28.818	350	28.844	557
28.869	362	28.894	545
28.920	375	28.945	532
28.970	391	28.996	517
29.021	406	29.047	505
29.071	423	29.097	491
29.123	437	29.148	479
29.173	450	29.198	472
29.224	461	29.250	464
29.274	467	29.300	461
29.325	472	29.351	459
29.376	472	29.401	462
29.427	468	29.452	468
29.477	462	29.502	479
29.528	451	29.554	489
29.578	439	29.604	501
29.629	422	29.655	514
29.680	408	29.705	528
29.731	392	29.756	541
29.781	376	29.807	552
29.832	364	29.858	562
29.882	352	29.908	568
29.934	343	29.959	576
29.984	338	30.009	575
30.035	337	30.061	575
30.085	339	30.111	571
30.136	345	30.162	564
30.187	354	30.212	554
30.238	365	30.263	541
30.288	380	30.314	528
30.339	394	30.365	515
30.389	409	30.415	501
30.440	424	30.466	489
30.491	438	30.516	478
30.542	450	30.567	469
30.592	460	30.618	464
30.643	466	30.669	461
30.693	469	30.719	460
30.745	469	30.770	465
30.795	465	30.820	470
30.846	459	30.872	480
30.896	447	30.922	491
30.947	435	30.973	504
30.998	422	31.023	517
31.049	405	31.074	530
31.099	391	31.125	543
31.150	376	31.176	555
31.200	364	31.226	562
31.251	353	31.277	572
31.302	345	31.327	575
31.353	340	31.378	575
31.403	340	31.429	573
31.454	343	31.480	569
31.504	348	31.530	559
31.556	357	31.581	550
31.606	368	31.631	538
31.657	379	31.683	524
31.707	396	31.733	512
31.758	411	31.784	499
31.809	425	31.834	487
31.860	439	31.885	476
31.910	451	31.936	471
31.961	460	31.987	464
32.011	466	32.037	462
32.062	468	32.088	464
32.113	467	32.138	468
32.164	463	32.189	474
32.214	455	32.240	483
32.265	444	32.291	494
32.315	433	32.341	507
32.367	418	32.392	520
32.417	402	32.442	532
32.468	388	32.494	544
32.518	376	32.544	556
32.569	362	32.595	564
32.620	353	32.645	571
32.671	346	32.696	575
32.721	344	32.747	574
32.772	343	32.798	572
32.822	345	32.848	565
32.874	352	32.899	558
32.924	360	32.949	547
32.975	372	33.000	536
33.025	385	33.051	522
33.076	399	33.102	509
33.126	413	33.152	496
33.178	427	33.203	485
33.228	440	33.253	475
33.279	450	33.305	468
33.329	458	33.355	463
33.380	462	33.406	461
33.431	464	33.456	463
33.482	463	33.507	468
33.532	459	33.558	477
33.583	452	33.609	486
33.633	442	33.659	498
33.685	430	33.710	512
33.735	417	33.760	524
33.786	404	33.811	538
33.836	389	33.862	549
33.887	377	33.913	560
33.937	365	33.963	567
33.989	356	34.014	572
34.039	349	34.064	574
34.090	345	34.116	572
34.140	345	34.166	569
34.191	348	34.217	561
34.242	354	34.267	554
34.293	363	34.318	542
34.343	374	34.369	531
34.394	387	34.420	518
34.444	399	34.470	505
34.496	413	34.521	492
34.546	427	34.571	482
34.597	439	34.622	473
34.647	449	34.673	469
34.698	457	34.724	464
34.748	460	34.774	465
34.800	462	34.825	465
34.850	461	34.875	470
34.901	456	34.927	478
34.951	449	34.977	490
35.002	439	35.028	501
35.053	427	35.078	512
35.104	413	35.129	525
35.154	400	35.180	538
35.205	387	35.231	549
35.255	374	35.281	558
35.307	363	35.332	566
35.357	357	35.382	571
35.408	351	35.434	574
35.458	348	35.484	572
35.509	349	35.535	568
35.559	352	35.585	561
35.611	358	35.636	553
35.661	367	35.686	541
35.712	378	35.738	529
35.762	390	35.788	517
35.813	404	35.839	504
35.864	415	35.889	493
35.915	428	35.940	482
35.965	439	35.991	473
36.016	449	36.042	467
36.066	454	36.092	464
36.118	458	36.143	463
36.168	458	36.193	466
36.219	456	36.245	471
36.269	451	36.295	481
36.320	444	36.346	490
36.370	434	36.396	503
36.422	423	36.447	515
36.472	410	36.497	528
36.523	398	36.549	540
36.573	386	36.599	551
36.624	375	36.650	561
36.675	365	36.700	568
36.726	357	36.751	571
36.776	354	36.802	573
36.827	351	36.853	571
36.877	351	36.903	566
36.929	355	36.954	559
36.979	362	37.004	550
37.030	371	37.056	539
37.080	381	37.106	527
37.131	393	37.157	514
37.181	405	37.207	502
37.233	417	37.258	490
37.283	430	37.308	480
37.334	440	37.360	473
37.384	446	37.410	468
37.435	454	37.461	465
37.486	456	37.511	467
37.537	457	37.562	468
37.587	454	37.613	475
37.638	448	37.664	483
37.688	441	37.714	493
37.740	431	37.765	504
37.790	420	37.815	517
37.841	407	37.867	529
37.891	395	37.917	542
37.942	383	37.968	551
37.992	374	38.018	561
38.044	365	38.069	567
38.095	359	38.119	570
38.145	354	38.171	571
38.196	353	38.221	569
38.246	355	38.272	564
38.298	360	38.322	557
38.348	367	38.373	548
38.399	375	38.424	537
38.449	385	38.475	526
38.500	397	38.525	512
38.551	409	38.576	500
38.602	419	38.626	489
38.652	431	38.678	480
38.703	441	38.728	473
38.753	447	38.779	468
38.805	452	38.829	466
38.855	454	38.880	467
38.906	454	38.930	471
38.956	450	38.982	478
39.007	445	39.032	486
39.057	437	39.083	494
39.109	428	39.133	506
39.159	416	39.184	520
39.210	405	39.235	530
39.260	393	39.286	543
39.311	382	39.336	551
39.362	372	39.387	560
39.413	364	39.437	566
39.463	358	39.489	569
39.514	357	39.539	570
39.564	355	39.590	566
39.616	359	39.640	562
39.666	363	39.691	555
39.717	369	39.741	547
39.767	379	39.793	536
39.818	389	39.843	522
39.868	400	39.894	511
39.920	411	39.944	499
39.970	422	39.995	488
40.021	432	40.046	480
40.071	440	40.097	473
40.122	446	40.147	468
40.173	450	40.198	466
40.224	450	40.248	468
40.274	451	40.300	472
40.325	448	40.350	479
40.375	441	40.401	487
40.427	434	40.451	497
40.477	425	40.502	509
40.528	413	40.552	521
40.578	403	40.604	533
40.629	392	40.654	543
40.679	382	40.705	553
40.731	373	40.755	560
40.781	366	40.806	566
40.832	361	40.857	568
40.882	359	40.908	569
40.933	357	40.958	566
40.984	362	41.009	561
41.035	366	41.060	553
41.085	372	41.111	544
41.136	383	41.162	533
41.186	392	41.212	522
41.238	402	41.263	510
41.288	413	41.313	499
41.339	423	41.365	488
41.389	432	41.415	479
41.440	440	41.466	473
41.490	445	41.516	469
41.542	448	41.567	468
41.592	450	41.617	470
41.643	448	41.669	474
41.693	444	41.719	479
41.744	437	41.770	489
41.795	430	41.820	500
41.846	420	41.871	511
41.896	411	41.922	521
41.947	400	41.973	532
41.997	390	42.023	543
42.049	380	42.074	553
42.099	372	42.124	561
42.150	367	42.176	565
42.200	362	42.226	567
42.251	361	42.277	567
42.301	361	42.327	564
42.353	365	42.378	559
42.403	369	42.428	552
42.454	377	42.480	542
42.504	386	42.530	532
42.555	396	42.581	520
42.606	405	42.631	509
42.657	416	42.682	497
42.707	424	42.733	488
42.758	434	42.784	479
42.808	439	42.834	474
42.860	445	42.885	470
42.910	448	42.935	470
42.961	448	42.987	471
43.011	445	43.037	476
43.062	440	43.088	481
43.112	434	43.138	490
43.164	426	43.189	500
43.214	417	43.239	512
43.265	408	43.291	523
43.315	398	43.341	534
43.366	388	43.392	546
43.417	380	43.442	553
43.468	372	43.493	560
43.518	368	43.544	565
43.569	364	43.595	567
43.619	363	43.645	565
43.671	365	43.696	562
43.721	368	43.746	556
43.772	373	43.798	549
43.822	380	43.848	540
43.873	389	43.899	530
43.923	398	43.949	518
43.975	408	44.000	506
44.025	417	44.050	496
44.076	426	44.102	487
44.126	434	44.152	480
44.177	441	44.203	474
44.228	445	44.253	472
44.279	447	44.304	471
44.330	447	44.355	474
44.380	443	44.406	478
44.431	439	44.456	485
44.482	431	44.507	493
44.533	423	44.557	504
44.583	414	44.609	514
44.634	404	44.659	524
44.684	395	44.710	534
44.736	386	44.760	543
44.786	378	44.811	552
44.837	371	44.861	559
44.887	367	44.913	562
44.938	364	44.963	564
44.988	364	45.014	563
45.040	368	45.064	560
45.090	372	45.115	555
45.141	376	45.166	548
45.191	384	45.217	538
45.242	393	45.267	527
45.293	402	45.318	517
45.344	411	45.368	509
45.394	420	45.420	496
45.445	428	45.470	488
45.495	434	45.521	480
45.547	439	45.571	474
45.597	443	45.622	472
45.648	444	45.672	473
45.698	443	45.724	474
45.749	439	45.774	478
45.799	434	45.825	486
45.851	427	45.875	494
45.901	420	45.926	504
45.952	411	45.977	514
46.002	402	46.028	524
46.053	392	46.078	535
46.104	385	46.129	545
46.155	378	46.179	552
46.205	372	46.231	558
46.256	368	46.281	562
46.306	367	46.332	563
46.358	367	46.382	561
46.408	370	46.433	558
46.459	374	46.483	552
46.509	379	46.535	545
46.560	386	46.585	536
46.610	395	46.636	527
46.662	404	46.686	517
46.712	412	46.737	506
46.763	421	46.788	497
46.813	430	46.839	486
46.864	437	46.889	481
46.915	440	46.940	477
46.966	444	46.990	476
47.016	442	47.042	475
47.067	442	47.092	478
47.117	438	47.143	482
47.169	431	47.193	489
47.219	424	47.244	496
47.270	415	47.294	506
47.320	407	47.346	516
47.371	398	47.397	526
47.421	391	47.447	535
47.473	383	47.498	544
47.523	376	47.548	552
47.574	372	47.600	557
47.624	369	47.650	560
47.675	367	47.701	561
47.726	368	47.751	560
47.777	371	47.802	556
47.827	376	47.853	551
47.878	382	47.904	542
47.928	390	47.954	533
47.980	398	48.005	525
48.030	406	48.055	514
48.081	415	48.107	504
48.131	423	48.157	496
48.182	430	48.208	488
48.232	436	48.258	482
48.284	440	48.309	478
48.334	441	48.359	477
48.385	441	48.411	479
48.435	439	48.461	479
48.486	436	48.512	485
48.537	429	48.562	491
48.588	423	48.613	499
48.638	414	48.664	508
48.689	406	48.715	518
48.739	397	48.765	528
48.791	388	48.816	536
48.841	381	48.866	544
48.892	376	48.918	551
48.942	372	48.968	555
48.993	369	49.019	557
49.043	368	49.069	559
49.095	368	49.120	557
49.145	373	49.170	554
49.196	377	49.222	548
49.246	385	49.272	541
49.297	392	49.323	532
49.348	401	49.373	523
49.399	410	49.424	514
49.449	417	49.475	505
49.500	425	49.526	497
49.550	431	49.576	490
49.602	437	49.627	483
49.652	439	49.677	479
49.703	440	49.729	479
49.753	440	49.779	479
49.804	438	49.830	482
49.854	431	49.880	486
49.906	426	49.931	493
49.956	419	49.981	502
50.007	412	50.033	510
50.057	403	50.083	518
50.108	396	50.134	527
50.159	388	50.184	535
50.210	381	50.235	544
50.260	376	50.286	549
50.311	372	50.337	554
50.361	370	50.387	556
50.413	370	50.438	556
50.463	372	50.488	555
50.514	376	50.540	550
50.564	381	50.590	545
50.615	387	50.641	538
50.666	395	50.691	530
50.717	403	50.742	521
50.767	411	50.792	512
50.818	420	50.844	504
50.868	425	50.894	496
50.919	432	50.945	489
50.970	436	50.995	483
51.021	439	51.046	482
51.071	440	51.097	481
51.122	440	51.148	483
51.172	435	51.198	484
51.224	432	51.249	490
51.274	426	51.299	496
51.325	418	51.351	503
51.375	409	51.401	511
51.426	401	51.452	520
51.477	393	51.502	529
51.528	386	51.553	537
51.578	380	51.603	543
51.629	375	51.655	548
51.679	372	51.705	553
51.730	371	51.756	554
51.781	370	51.806	553
51.832	373	51.857	552
51.883	378	51.908	548
51.933	383	51.959	543
51.984	390	52.009	536
52.035	396	52.060	528
52.086	405	52.110	520
52.136	413	52.162	511
52.187	420	52.212	504
52.237	426	52.263	496
52.289	432	52.313	492
52.339	436	52.364	486
52.390	439	52.414	484
52.440	439	52.466	484
52.491	437	52.516	484
52.541	434	52.567	487
52.593	429	52.617	492
52.643	423	52.668	499
52.694	415	52.719	506
52.744	408	52.770	513
52.795	401	52.820	521
52.846	393	52.871	529
52.897	384	52.921	536
52.947	380	52.973	542
52.998	375	53.023	547
53.048	372	53.074	550
53.100	371	53.124	552
53.150	371	53.175	551
53.201	374	53.226	549
53.251	378	53.277	544
53.302	384	53.327	540
53.352	391	53.378	533
53.404	400	53.428	527
53.454	406	53.479	518
53.505	415	53.530	510
53.555	422	53.581	504
53.606	428	53.631	496
53.657	433	53.682	491
53.708	437	53.732	487
53.758	439	53.784	486
53.809	438	53.834	486
53.859	436	53.885	486
53.911	432	53.935	490
53.961	427	53.986	494
54.012	420	54.037	500
54.062	414	54.088	508
54.113	405	54.138	515
54.163	398	54.189	523
54.215	391	54.239	530
54.265	384	54.290	536
54.316	379	54.341	542
54.366	375	54.392	544
54.417	372	54.442	548
54.468	371	54.493	549
54.519	373	54.543	548
54.569	376	54.595	546
54.620	381	54.645	544
54.670	385	54.696	537
54.722	392	54.746	531
54.772	400	54.797	524
54.823	409	54.848	517
54.873	416	54.899	510
54.924	423	54.950	503
54.974	429	55.000	497
55.026	433	55.051	492
55.076	436	55.101	490
55.127	437	55.153	488
55.177	437	55.203	488
55.228	434	55.254	490
55.279	432	55.304	493
55.330	424	55.355	498
55.380	419	55.406	503
55.431	413	55.457	510
55.481	405	55.507	516
55.533	397	55.558	525
55.583	390	55.608	530
55.634	384	55.660	536
55.684	379	55.710	541
55.735	375	55.761	545
55.786	374	55.811	546
55.837	372	55.862	546
55.887	374	55.912	546
55.938	377	55.964	542
55.988	382	56.014	539
56.039	389	56.065	533
56.090	394	56.115	528
56.141	402	56.166	521
56.191	409	56.217	514
56.242	417	56.268	507
56.292	422	56.318	501
56.344	427	56.369	497
56.394	433	56.419	495
56.445	437	56.471	492
56.495	438	56.521	491
56.546	438	56.572	492
56.597	435	56.622	494
56.648	431	56.673	497
56.698	423	56.723	501
56.749	418	56.775	507
56.799	411	56.825	513
56.850	404	56.876	520
56.901	397	56.926	526
56.952	391	56.977	532
57.002	383	57.028	536
57.053	378	57.079	540
57.103	375	57.129	543
57.155	373	57.180	545
57.205	374	57.230	544
57.256	375	57.282	544
57.306	378	57.332	540
57.357	384	57.383	536
57.408	389	57.433	531
57.459	396	57.484	525
57.509	402	57.534	519
57.560	411	57.586	513
57.610	417	57.636	508
57.661	423	57.687	502
57.712	429	57.737	498
57.763	433	57.788	493
57.813	435	57.839	493
57.864	436	57.890	492
57.914	435	57.940	492
57.966	431	57.991	495
58.016	427	58.041	498
58.067	422	58.093	503
58.117	417	58.143	509
58.168	409	58.194	516
58.219	404	58.244	522
58.270	396	58.295	528
58.320	391	58.346	533
58.371	384	58.397	536
58.421	381	58.447	540
58.472	377	58.498	542
58.523	376	58.548	542
58.574	375	58.599	543
58.625	377	58.650	542
58.675	380	58.701	538
58.726	385	58.751	533
58.777	390	58.802	527
58.828	396	58.852	522
58.878	402	58.904	516
58.929	410	58.954	510
58.979	417	59.005	505
59.031	423	59.055	502
59.081	428	59.106	497
59.132	431	59.157	495
59.182	435	59.208	496
59.233	435	59.258	494
59.283	434	59.309	496
59.335	431	59.359	498
59.385	428	59.410	502
59.436	421	59.461	507
59.486	416	59.512	512
59.537	410	59.562	518
59.588	402	59.613	522
59.639	395	59.663	528
59.689	389	59.715	532
59.740	384	59.765	536
59.790	380	59.816	540
59.842	378	59.866	541
59.892	376	59.917	541
59.943	377	59.968	540
59.993	379	60.019	538
60.044	382	60.069	535
60.094	387	60.120	530
60.146	392	60.170	526
60.196	398	60.221	521
60.247	405	60.272	515
60.297	412	60.323	510
60.348	418	60.373	505
60.399	423	60.424	501
60.450	427	60.474	499
60.500	431	60.526	495
60.551	432	60.576	495
60.601	433	60.627	496
60.653	431	60.677	497
60.703	429	60.728	499
60.754	424	60.779	504
60.804	419	60.830	509
60.855	414	60.880	514
60.906	408	60.931	518
60.957	402	60.981	525
61.007	395	61.032	529
61.058	390	61.083	534
61.108	385	61.134	537
61.159	381	61.184	540
61.210	378	61.235	541
61.261	378	61.285	539
61.311	379	61.337	539
61.362	381	61.387	536
61.412	384	61.438	533
61.464	387	61.488	528
61.514	394	61.539	524
61.565	401	61.590	519
61.615	406	61.641	513
61.666	411	61.692	508
61.717	418	61.742	504
61.768	422	61.793	501
61.818	426	61.843	497
61.869	430	61.895	496
61.919	432	61.945	497
61.970	432	61.996	498
62.021	430	62.046	500
62.072	427	62.097	503
62.122	423	62.148	507
62.173	419	62.199	511
62.223	413	62.249	516
62.275	406	62.300	522
62.325	400	62.350	526
62.376	395	62.402	530
62.426	390	62.452	534
62.477	386	62.503	536
62.528	382	62.553	538
62.579	381	62.604	539
62.629	380	62.654	539
62.680	381	62.706	536
62.730	383	62.756	534
62.781	386	62.807	530
62.832	391	62.857	526
62.883	395	62.908	522
62.933	401	62.959	517
62.984	408	63.010	512
63.034	414	63.060	508
63.086	416	63.111	505
63.136	422	63.161	501
63.187	426	63.213	498
63.237	427	63.263	498
63.288	429	63.314	498
63.339	429	63.364	498
63.390	428	63.415	502
63.440	425	63.466	504
63.491	420	63.517	508
63.541	416	63.567	513
63.592	413	63.618	518
63.643	405	63.668	522
63.694	400	63.719	527
63.744	396	63.770	531
63.795	390	63.821	534
63.845	386	63.871	535
63.897	384	63.922	538
63.947	382	63.972	538
63.998	382	64.024	537
64.048	383	64.074	534
64.099	385	64.125	531
64.150	388	64.175	528
64.201	392	64.226	524
64.251	397	64.277	520
64.302	402	64.328	515
64.352	408	64.378	510
64.403	413	64.429	507
64.454	418	64.479	504
64.505	421	64.530	502
64.555	424	64.581	499
64.606	427	64.632	499
64.656	428	64.682	498
64.708	427	64.733	501
64.758	426	64.783	503
64.809	423	64.835	507
64.859	419	64.885	510
64.910	415	64.936	515
64.961	411	64.986	519
65.012	405	65.037	523
65.062	400	65.088	526
65.113	395	65.139	531
65.163	390	65.189	534
65.214	386	65.240	536
65.265	384	65.290	536
65.316	383	65.341	535
65.366	383	65.392	536
65.417	384	65.443	532
65.467	387	65.493	530
65.519	390	65.544	527
65.569	394	65.594	522
65.620	398	65.646	518
65.670	404	65.696	514
65.721	408	65.747	510
65.772	413	65.797	505
65.823	416	65.848	503
65.873	422	65.899	501
65.924	423	65.950	500
65.974	425	66.000	500
66.026	426	66.051	501
66.076	425	66.101	503
66.127	423	66.152	504
66.177	421	66.203	508
66.228	417	66.254	513
66.278	412	66.304	517
66.330	409	66.355	521
66.380	404	66.405	525
66.431	399	66.457	529
66.481	394	66.507	532
66.532	391	66.558	534
66.583	389	66.608	535
66.634	387	66.659	536
66.684	386	66.710	535
66.735	387	66.761	534
66.785	387	66.811	531
66.837	389	66.862	527
66.887	392	66.912	525
66.938	396	66.963	520
66.988	401	67.014	516
67.039	404	67.065	512
67.089	409	67.115	509
67.141	414	67.166	506
67.191	417	67.216	503
67.242	421	67.268	502
67.292	422	67.318	500
67.343	424	67.369	500
67.394	423	67.419	502
67.445	423	67.470	504
67.495	422	67.521	506
67.546	418	67.572	511
67.596	415	67.622	514
67.648	412	67.673	518
67.698	407	67.723	521
67.749	402	67.774	525
67.799	398	67.825	528
67.850	394	67.876	531
67.900	392	67.926	534
67.952	389	67.977	534
68.002	388	68.027	535
68.053	387	68.079	534
68.103	388	68.129	532
68.154	389	68.180	530
68.205	390	68.230	527
68.256	394	68.281	523
68.306	398	68.332	520
68.357	402	68.383	515
68.407	406	68.433	512
68.459	411	68.484	509
68.509	414	68.534	506
68.560	416	68.586	504
68.610	421	68.636	502
68.661	420	68.687	503
68.711	420	68.737	502
68.763	422	68.788	503
68.813	421	68.838	506
68.864	420	68.890	508
68.914	416	68.940	513
68.965	413	68.991	515
69.016	411	69.041	519
69.067	407	69.092	523
69.117	403	69.143	526
69.168	400	69.194	529
69.218	395	69.244	531
69.270	393	69.295	533
69.320	391	69.345	534
69.371	389	69.397	533
69.421	389	69.447	532
69.472	390	69.498	531
69.522	391	69.548	528
69.574	393	69.599	524
69.624	397	69.649	521
69.675	400	69.701	517
69.725	403	69.751	515
69.776	406	69.802	512
69.827	411	69.852	508
69.878	414	69.903	506
69.928	417	69.954	504
69.979	416	70.005	503
70.029	420	70.055	503
70.081	421	70.106	503
70.131	420	70.156	505
70.182	419	70.208	507
70.232	417	70.258	508
70.283	414	70.309	514
70.333	411	70.359	516
70.385	408	70.410	521
70.435	405	70.460	523
70.486	402	70.512	527
70.536	398	70.562	529
70.587	395	70.613	530
70.639	394	70.663	532
70.689	393	70.714	532
70.740	391	70.765	532
70.790	391	70.816	529
70.841	392	70.866	528
70.892	394	70.917	526
70.943	396	70.967	524
70.993	399	71.019	521
71.044	401	71.069	517
71.094	405	71.120	514
71.146	408	71.170	511
71.196	411	71.221	508
71.247	414	71.271	506
71.297	416	71.323	505
71.348	418	71.373	504
71.398	418	71.424	504
71.450	418	71.474	505
71.500	418	71.525	507
71.551	417	71.576	508
71.601	416	71.627	512
71.652	413	71.677	514
71.703	410	71.728	518
71.754	406	71.778	521
71.804	404	71.830	523
71.855	402	71.880	526
71.905	400	71.931	529
71.957	395	71.981	530
72.007	394	72.032	532
72.058	393	72.082	531
72.108	393	72.134	531
72.159	393	72.184	530
72.209	394	72.235	528
72.261	395	72.285	526
72.311	398	72.336	523
72.362	401	72.387	519
72.412	403	72.438	516
72.463	406	72.488	513
72.514	409	72.539	510
72.565	411	72.589	507
72.615	413	72.641	505
72.666	415	72.691	505
72.716	416	72.742	505
72.768	417	72.792	505
72.818	417	72.843	507
72.869	416	72.893	508
72.919	415	72.945	511
72.970	414	72.995	511
73.020	410	73.046	516
73.072	408	73.096	519
73.122	405	73.147	521
73.173	402	73.198	524
73.223	401	73.249	527
73.274	399	73.299	528
73.325	397	73.350	530
73.376	395	73.400	530
73.426	395	73.452	530
73.477	394	73.502	530
73.527	395	73.553	528
73.579	396	73.603	525
73.629	398	73.654	523
73.680	400	73.704	523
73.730	402	73.756	519
73.781	405	73.807	515
73.831	407	73.857	512
73.883	410	73.908	510
73.933	412	73.958	509
73.984	414	74.010	507
74.034	414	74.060	506
74.085	415	74.111	506
74.136	416	74.161	506
74.187	415	74.212	507
74.237	414	74.263	510
74.288	412	74.314	511
74.338	410	74.364	513
74.390	409	74.415	515
74.440	406	74.465	520
74.491	405	74.517	522
74.541	402	74.567	524
74.592	400	74.618	526
74.642	398	74.668	527
74.694	397	74.719	528
74.744	396	74.769	529
74.795	396	74.821	529
74.845	395	74.871	529
74.896	397	74.922	526
74.947	398	74.972	524
74.998	398	75.023	523
75.048	402	75.074	520
75.099	404	75.125	517
75.149	406	75.175	515
75.201	407	75.226	514
75.251	410	75.276	511
75.302	411	75.328	508
75.352	414	75.378	508
75.403	413	75.429	507
75.453	413	75.479	507
75.505	413	75.530	507
75.555	413	75.580	510
75.606	413	75.632	511
75.656	410	75.682	513
75.707	409	75.733	515
75.758	408	75.783	518
75.809	405	75.834	519
75.859	403	75.885	524
75.910	401	75.936	524
75.960	399	75.986	526
76.012	399	76.037	526
76.062	399	76.087	527
76.113	398	76.139	527
76.163	397	76.189	528
76.214	397	76.240	525
76.264	399	76.290	525
76.316	400	76.341	523
76.366	402	76.391	521
76.417	403	76.443	519
76.467	406	76.493	517
76.518	407	76.544	515
76.569	409	76.594	514
76.620	411	76.645	512
76.670	412	76.696	510
76.721	413	76.747	509
76.771	413	76.797	508
76.823	414	76.848	509
76.873	411	76.898	510
76.924	411	76.950	510
76.974	410	77.000	512
77.025	410	77.051	513
77.075	408	77.101	516
77.127	406	77.152	518
77.177	403	77.202	520
77.228	401	77.254	522
77.278	400	77.304	524
77.329	400	77.355	525
77.380	399	77.405	526
77.431	398	77.456	526
77.482	399	77.507	526
77.532	399	77.558	526
77.583	398	77.608	525
77.634	400	77.659	524
77.685	401	77.709	522
77.735	403	77.761	520
77.786	405	77.811	518
77.836	407	77.862	517
77.888	408	77.912	515
77.938	409	77.963	513
77.989	410	78.013	511
78.039	412	78.065	509
78.090	412	78.115	510
78.140	411	78.166	509
78.192	413	78.216	510
78.242	413	78.267	511
78.293	410	78.318	512
78.343	410	78.369	514
78.394	408	78.419	516
78.445	406	78.470	517
78.496	404	78.520	519
78.546	403	78.572	521
78.597	401	78.622	522
78.647	401	78.673	522
78.699	400	78.723	524
78.749	399	78.774	525
78.800	399	78.824	526
78.850	399	78.876	525
78.901	400	78.926	524
78.951	400	78.977	523
79.003	402	79.027	522
79.053	403	79.078	520
79.104	404	79.129	518
79.154	406	79.180	518
79.205	408	79.230	516
79.256	410	79.281	514
79.307	411	79.331	513
79.357	411	79.383	513
79.408	412	79.433	511
79.458	411	79.484	512
79.510	411	79.534	511
79.560	410	79.585	511
79.611	410	79.635	512
79.661	409	79.687	514
79.712	407	79.737	515
79.762	407	79.788	516
79.814	405	79.838	517
79.864	404	79.889	519
79.915	402	79.940	521
79.965	401	79.991	522
80.016	401	80.041	523
80.067	400	80.092	523
80.118	400	80.142	523
80.168	400	80.194	523
80.219	401	80.244	523
80.269	401	80.295	523
80.321	403	80.345	521
80.371	404	80.396	520
80.422	405	80.446	520
80.472	406	80.498	517
80.523	407	80.549	517
80.573	408	80.599	514
80.625	409	80.650	514
80.675	411	80.700	513
80.726	410	80.752	513
80.776	411	80.802	513
80.827	411	80.853	512
80.878	409	80.903	512
80.929	408	80.954	513
80.979	408	81.005	514
81.030	407	81.056	515
81.080	405	81.106	516
81.132	405	81.157	517
81.182	404	81.207	518
81.233	403	81.259	520
81.283	402	81.309	520
81.334	401	81.360	523
81.384	401	81.410	521
81.436	401	81.461	523
81.486	401	81.511	523
81.537	400	81.563	523
81.587	402	81.613	522
81.638	402	81.664	521
81.689	403	81.714	520
81.740	406	81.765	519
81.790	405	81.816	518
81.841	407	81.867	517
81.891	408	81.917	517
81.943	410	81.968	515
81.993	409	82.018	515
82.044	410	82.070	513
82.094	410	82.120	514
82.145	410	82.171	512
82.195	408	82.221	515
82.247	409	82.272	514
82.297	409	82.322	514
82.348	408	82.374	516
82.398	406	82.424	516
82.449	404	82.475	517
82.500	404	82.525	519
82.551	403	82.576	519
82.601	402	82.627	520
82.652	401	82.678	521
82.702	401	82.728	521
82.754	402	82.779	521
82.804	401	82.829	519
82.855	402	82.881	522
82.905	403	82.931	521
82.956	402	82.982	520
83.006	403	83.032	520
83.058	405	83.083	518
83.108	406	83.133	518
83.159	408	83.185	517
83.209	408	83.235	516
83.260	408	83.286	515
83.311	409	83.336	516
83.362	409	83.387	515
83.412	409	83.438	515
83.463	409	83.489	515
83.513	409	83.539	515
83.565	409	83.590	515
83.615	408	83.640	515
83.666	407	83.692	516
83.716	406	83.742	517
83.767	405	83.793	519
83.818	404	83.843	518
83.869	403	83.894	518
83.919	403	83.944	520
83.970	403	83.996	520
84.020	402	84.046	521
84.071	402	84.097	520
84.122	402	84.147	520
84.173	402	84.198	521
84.223	402	84.249	520
84.274	403	84.300	519
84.324	404	84.350	519
84.376	405	84.401	519
84.426	405	84.451	517
84.477	405	84.503	517
84.527	408	84.553	517
84.578	407	84.604	516
84.629	408	84.654	515
84.680	409	84.705	516
84.730	408	84.755	513
84.781	409	84.807	516
84.831	409	84.857	515
84.882	408	84.908	514
84.933	407	84.958	517
84.984	407	85.009	516
85.035	406	85.060	517
85.085	405	85.111	518
85.136	404	85.161	518
85.187	404	85.212	519
85.238	404	85.262	520
85.288	404	85.314	520
85.339	403	85.364	520
85.389	402	85.415	519
85.441	402	85.465	519
85.491	402	85.516	519
85.542	404	85.566	519
85.592	403	85.618	519
85.643	405	85.668	517
85.693	406	85.719	520
85.745	406	85.769	518
85.795	407	85.820	516
85.846	407	85.871	516
85.896	409	85.922	517
85.947	408	85.972	516
85.998	409	86.023	516
86.049	408	86.073	516
86.099	408	86.125	515
86.150	408	86.175	517
86.200	407	86.226	517
86.252	407	86.276	516
86.302	406	86.327	517
86.353	406	86.378	517
86.403	405	86.429	517
86.454	405	86.479	520
86.504	403	86.530	520
86.556	403	86.580	519
86.606	403	86.631	519
86.657	404	86.682	519
86.707	402	86.733	519
86.758	402	86.783	519
86.809	403	86.834	518
86.860	404	86.884	519
86.910	405	86.936	519
86.961	405	86.986	517
87.011	405	87.037	518
87.063	406	87.087	517
87.113	406	87.138	517
87.164	407	87.189	516
87.214	407	87.240	516
87.265	407	87.290	516
87.315	407	87.341	518
87.367	407	87.391	516
87.417	407	87.442	517
87.468	407	87.493	516
87.518	407	87.544	517
87.569	406	87.594	518
87.620	407	87.645	517
87.671	406	87.695	519
87.721	406	87.747	518
87.772	405	87.797	519
87.822	404	87.848	519
87.874	403	87.898	519
87.924	403	87.949	519
87.975	403	88.000	520
88.025	404	88.051	519
88.076	403	88.102	518
88.126	404	88.152	518
88.178	404	88.203	517
88.228	404	88.253	518
88.279	404	88.305	517
88.329	405	88.355	515
88.380	406	88.406	517
88.431	407	88.456	516
88.482	406	88.507	516
88.532	407	88.558	516
88.583	408	88.609	517
88.633	408	88.659	517
88.685	407	88.710	517
88.735	408	88.760	518
88.786	408	88.812	517
88.836	407	88.862	519
88.887	406	88.913	519
88.938	407	88.963	518
88.989	406	89.014	519
89.039	405	89.064	519
89.090	405	89.116	519
89.140	404	89.166	517
89.191	404	89.217	519
89.242	404	89.267	519
89.293	403	89.318	517
89.343	403	89.369	518
89.394	405	89.420	517
89.444	402	89.470	517
89.496	405	89.521	517
89.546	404	89.571	517
89.597	405	89.623	517
89.647	405	89.673	517
89.698	407	89.724	517
89.749	406	89.774	517
89.800	406	89.825	516
89.850	407	89.875	518
89.901	407	89.927	517
89.951	408	89.977	517
90.002	407	90.028	518
90.053	407	90.078	517
90.104	408	90.129	518
90.154	407	90.180	518
90.205	406	90.231	518
90.255	405	90.281	518
90.307	404	90.332	519
90.357	405	90.382	518
90.408	405	90.434	519
90.458	404	90.484	518
90.509	404	90.535	518
90.560	404	90.585	519
90.611	403	90.636	518
90.661	405	90.686	518
90.712	405	90.738	518
90.762	405	90.788	518
90.813	405	90.839	518
90.864	405	90.889	517
90.915	407	90.940	517
90.965	406	90.991	517
91.016	407	91.042	517
91.066	407	91.092	517
91.118	407	91.143	517
91.168	407	91.193	517
91.219	407	91.245	518
91.269	407	91.295	518
91.320	407	91.346	518
91.371	406	91.396	518
91.422	407	91.447	518
91.472	406	91.498	518
91.523	406	91.549	518
91.573	405	91.599	518
91.624	406	91.650	519
91.675	405	91.700	519
91.726	405	91.751	518
91.777	405	91.802	518
91.827	404	91.853	517
91.878	404	91.903	515
91.929	404	91.954	517
91.980	405	92.004	518
92.030	405	92.056	518
92.081	405	92.106	518
92.131	406	92.157	517
92.183	405	92.207	516
92.233	405	92.258	517
92.284	406	92.309	517
92.334	405	92.360	517
92.385	406	92.410	518
92.435	407	92.461	518
92.487	407	92.511	519
92.537	408	92.562	517
92.588	408	92.613	519
92.638	407	92.664	519
92.689	406	92.714	518
92.740	406	92.765	519
92.791	406	92.815	518
92.841	406	92.867	517
92.892	404	92.917	517
92.942	405	92.968	517
92.994	405	93.018	518
93.044	404	93.069	517
93.095	404	93.120	517
93.145	405	93.171	517
93.196	403	93.221	518
93.246	404	93.272	516
93.298	404	93.322	516
93.348	404	93.373	518
93.399	405	93.424	516
93.449	406	93.475	518
93.500	406	93.525	517
93.551	407	93.576	518
93.602	406	93.626	517
93.652	406	93.678	517
93.703	407	93.728	518
93.753	408	93.779	518
93.805	407	93.829	518
93.855	408	93.880	519
93.906	408	93.931	519
93.956	408	93.982	519
94.007	407	94.032	519
94.058	406	94.083	519
94.109	406	94.133	518
94.159	405	94.184	517
94.210	405	94.235	517
94.260	405	94.286	517
94.311	404	94.336	516
94.362	404	94.387	517
94.413	404	94.437	517
94.463	404	94.489	517
94.514	405	94.539	517
94.564	405	94.590	517
94.616	405	94.640	517
94.666	404	94.691	517
94.717	405	94.742	517
94.767	405	94.793	517
94.818	406	94.844	519
94.869	406	94.894	517
94.920	407	94.945	518
94.970	407	94.995	518
95.021	406	95.047	518
95.071	407	95.097	518
95.122	407	95.148	518
95.173	408	95.198	518
95.224	407	95.249	518
95.274	406	95.300	518
95.325	406	95.351	519
95.375	407	95.401	518
95.427	406	95.452	518
95.477	406	95.502	518
95.528	405	95.554	519
95.578	405	95.604	517
95.629	405	95.655	518
95.680	405	95.705	518
95.731	405	95.756	517
95.781	404	95.806	517
95.832	404	95.858	516
95.882	404	95.908	517
95.933	405	95.959	517
95.984	405	96.009	517
96.035	405	96.060	517
96.085	405	96.111	516
96.136	406	96.162	517
96.186	406	96.212	517
96.238	407	96.263	517
96.288	406	96.313	519
96.339	407	96.365	518
96.389	407	96.415	518
96.440	406	96.466	518
96.491	407	96.516	518
96.542	407	96.567	519
96.592	408	96.618	519
96.643	406	96.669	518
96.693	406	96.719	518
96.744	405	96.770	519
96.795	405	96.820	518
96.846	404	96.871	517
96.896	405	96.922	516
96.947	404	96.973	517
96.997	403	97.023	518
97.049	405	97.074	517
97.099	405	97.124	516
97.150	405	97.176	518
97.200	405	97.226	517
97.251	406	97.277	518
97.302	404	97.327	517
97.353	405	97.378	517
97.403	406	97.429	517
97.454	406	97.480	518
97.504	407	97.530	519
97.555	406	97.581	517
97.606	406	97.631	517
97.657	406	97.682	518
97.707	406	97.733	518
97.758	406	97.784	518
97.808	407	97.834	518
97.860	407	97.885	518
97.910	407	97.935	518
97.961	406	97.987	518
98.011	406	98.037	517
98.062	405	98.088	517
98.113	404	98.138	518
98.164	406	98.189	518
98.214	406	98.240	518
98.265	406	98.291	517
98.315	406	98.341	518
98.366	406	98.392	517
98.417	406	98.442	517
98.468	405	98.493	516
98.518	406	98.544	517
98.569	405	98.595	518
98.619	405	98.645	517
98.671	405	98.696	515
98.721	404	98.746	517
98.772	407	98.798	518
98.822	404	98.848	517
98.873	406	98.899	518
98.924	407	98.949	517
98.975	407	99.000	518
99.025	406	99.051	518
99.076	407	99.102	519
99.126	406	99.152	518
99.178	405	99.203	518
99.228	406	99.253	518
99.279	407	99.304	519
99.329	406	99.355	518
99.380	406	99.406	518
99.430	406	99.456	518
99.482	406	99.507	518
99.532	406	99.557	518
99.583	405	99.609	516
99.633	405	99.659	518
99.684	405	99.710	516
99.735	405	99.760	516
99.786	405	99.811	518
99.836	406	99.862	517
99.887	406	99.913	517
99.937	406	99.963	517
99.989	407	100.014	517
100.039	406	100.064	517
100.090	406	100.115	517
100.140	405	100.166	517
100.191	407	100.217	518
100.241	406	100.267	517
100.293	405	100.318	518
100.343	405	100.368	518
100.394	407	100.420	518
100.444	406	100.470	517
100.495	405	100.521	517
100.546	405	100.571	518
100.597	406	100.622	517
100.647	406	100.673	518
100.698	406	100.724	518
100.748	406	100.774	517
100.800	405	100.825	517
100.850	405	100.875	518
100.901	406	100.926	517
100.951	405	100.977	517
101.002	406	101.028	517
101.052	406	101.078	518
101.104	406	101.129	518
101.154	406	101.179	518
101.205	406	101.231	517
101.255	406	101.281	517
101.306	407	101.332	517
101.357	406	101.382	517
101.408	406	101.433	517
101.458	405	101.484	518
101.509	406	101.535	517
101.559	406	101.585	517
