#Creator: pendulumviewEventBuffer
#Creation time: Sun Jan 11 01:39:54 2009
#Time A	Pos A	Time B	Pos B
#[s]	[au]	[s]	[au]
0.026	449	0.051	646
0.076	449	0.101	647
0.127	449	0.153	646
0.177	448	0.203	645
0.228	448	0.254	645
0.278	449	0.304	646
0.330	446	0.355	646
0.380	448	0.405	645
0.431	447	0.457	645
0.481	448	0.507	645
0.532	449	0.558	645
0.583	448	0.608	647
0.634	447	0.659	646
0.684	448	0.710	645
0.735	448	0.761	649
0.785	448	0.811	645
0.837	448	0.862	647
0.888	449	0.912	646
0.938	449	0.964	647
0.989	449	1.014	647
1.039	449	1.065	646
1.090	448	1.115	646
1.141	448	1.166	646
1.192	448	1.216	647
1.242	448	1.268	644
1.293	448	1.318	646
1.343	448	1.369	646
1.395	449	1.419	643
1.445	449	1.470	646
1.496	448	1.521	646
1.546	448	1.572	646
1.597	448	1.622	647
1.648	448	1.673	646
1.699	447	1.723	647
1.749	448	1.775	646
1.800	448	1.825	645
1.850	448	1.876	646
1.902	448	1.926	645
1.952	447	1.977	646
2.003	447	2.027	646
2.053	448	2.079	645
2.104	448	2.129	646
2.154	448	2.180	644
2.206	448	2.230	646
2.256	448	2.281	641
2.307	448	2.332	626
2.357	447	2.383	606
2.408	448	2.433	580
2.459	449	2.484	548
2.510	449	2.534	513
2.560	448	2.586	475
2.611	449	2.636	439
2.661	448	2.687	406
2.713	448	2.737	375
2.763	448	2.788	348
2.814	448	2.838	329
2.864	448	2.890	319
2.915	447	2.940	316
2.965	447	2.991	322
3.017	447	3.041	335
3.067	447	3.092	356
3.118	447	3.143	383
3.168	447	3.194	414
3.219	446	3.244	451
3.270	448	3.295	488
3.321	447	3.345	525
3.371	449	3.397	558
3.422	449	3.447	587
3.472	449	3.498	612
3.524	449	3.548	631
3.574	449	3.599	638
3.625	449	3.649	641
3.675	449	3.701	635
3.726	449	3.752	622
3.776	449	3.802	600
3.828	449	3.853	573
3.878	449	3.903	542
3.929	447	3.955	507
3.979	448	4.005	471
4.030	448	4.056	436
4.081	447	4.106	403
4.132	448	4.157	375
4.182	448	4.208	350
4.233	447	4.259	334
4.283	447	4.309	324
4.335	447	4.360	322
4.385	448	4.410	328
4.436	448	4.462	341
4.486	447	4.512	363
4.537	447	4.563	389
4.587	447	4.613	421
4.639	447	4.664	455
4.689	448	4.714	491
4.740	448	4.766	525
4.790	448	4.816	558
4.841	447	4.867	587
4.892	448	4.917	609
4.943	449	4.968	626
4.993	450	5.019	636
5.044	450	5.070	636
5.094	449	5.120	630
5.146	450	5.171	617
5.196	450	5.221	598
5.247	449	5.273	570
5.297	450	5.323	539
5.348	448	5.374	505
5.398	449	5.424	470
5.450	448	5.475	435
5.500	448	5.525	401
5.551	448	5.577	374
5.601	447	5.627	351
5.652	448	5.678	334
5.703	447	5.728	328
5.754	447	5.779	325
5.804	448	5.830	331
5.855	447	5.881	346
5.905	447	5.931	369
5.957	448	5.982	394
6.007	448	6.032	426
6.058	448	6.084	460
6.108	448	6.134	495
6.159	449	6.185	528
6.209	449	6.235	560
6.261	449	6.286	587
6.311	449	6.336	611
6.362	448	6.388	624
6.412	449	6.438	632
6.463	449	6.489	633
6.514	449	6.539	625
6.565	448	6.590	612
6.615	449	6.641	590
6.666	449	6.692	564
6.716	448	6.742	533
6.768	449	6.793	502
6.818	448	6.843	466
6.869	448	6.895	432
6.919	448	6.945	400
6.970	448	6.996	374
7.020	446	7.046	352
7.072	447	7.097	338
7.122	448	7.147	330
7.173	448	7.199	329
7.223	447	7.249	337
7.274	448	7.300	352
7.325	448	7.350	372
7.376	448	7.401	399
7.426	449	7.452	429
7.477	449	7.503	463
7.527	449	7.553	496
7.579	449	7.604	530
7.629	449	7.654	561
7.680	448	7.706	587
7.730	449	7.756	609
7.781	449	7.807	623
7.831	448	7.857	629
7.883	449	7.908	630
7.933	448	7.958	622
7.984	449	8.010	606
8.034	448	8.060	587
8.085	448	8.111	559
8.136	448	8.161	530
8.187	448	8.212	496
8.238	447	8.263	462
8.288	447	8.314	430
8.339	448	8.364	398
8.390	448	8.415	373
8.441	448	8.465	353
8.491	449	8.517	339
8.542	449	8.567	333
8.592	448	8.618	334
8.644	448	8.668	341
8.694	448	8.719	357
8.745	449	8.769	377
8.795	448	8.821	405
8.846	447	8.871	436
8.896	448	8.922	467
8.948	449	8.972	500
8.998	447	9.023	533
9.049	448	9.074	562
9.099	449	9.125	587
9.150	448	9.175	607
9.201	448	9.226	620
9.252	449	9.276	626
9.302	449	9.328	625
9.353	448	9.378	615
9.403	449	9.429	601
9.455	448	9.479	579
9.505	449	9.530	555
9.556	448	9.580	523
9.606	448	9.632	492
9.657	448	9.682	459
9.707	449	9.733	429
9.759	447	9.783	399
9.809	448	9.834	373
9.860	447	9.885	353
9.910	448	9.936	340
9.961	449	9.986	337
10.012	448	10.037	338
10.063	448	10.087	347
10.113	448	10.139	360
10.164	448	10.189	382
10.214	448	10.240	408
10.266	449	10.290	439
10.316	448	10.341	472
10.367	449	10.391	502
10.417	448	10.443	535
10.468	449	10.493	564
10.518	446	10.544	587
10.570	448	10.594	606
10.620	447	10.645	618
10.671	448	10.696	623
10.721	448	10.747	620
10.772	449	10.797	611
10.823	449	10.848	596
10.874	449	10.898	576
10.924	448	10.950	550
10.975	447	11.000	521
11.025	447	11.051	489
11.077	448	11.101	456
11.127	449	11.152	426
11.178	449	11.202	398
11.228	448	11.254	374
11.279	449	11.305	356
11.329	449	11.355	343
11.381	449	11.406	338
11.431	448	11.456	340
11.482	448	11.508	350
11.532	449	11.558	364
11.583	448	11.609	387
11.634	449	11.659	412
11.685	447	11.710	442
11.735	447	11.761	474
11.786	449	11.812	506
11.836	448	11.862	535
11.888	449	11.913	563
11.938	447	11.963	587
11.989	448	12.015	604
12.039	448	12.065	615
12.090	448	12.116	620
12.140	449	12.166	618
12.192	450	12.217	609
12.242	449	12.267	594
12.293	449	12.319	571
12.343	448	12.369	546
12.394	448	12.420	517
12.445	448	12.470	485
12.496	448	12.521	454
12.546	448	12.572	423
12.597	449	12.623	396
12.647	448	12.673	374
12.699	448	12.724	357
12.749	450	12.774	348
12.800	448	12.826	343
12.850	448	12.876	345
12.901	447	12.927	356
12.951	448	12.977	370
13.003	446	13.028	392
13.053	448	13.078	417
13.104	447	13.130	448
13.154	448	13.180	478
13.205	448	13.231	508
13.256	448	13.281	538
13.307	448	13.332	565
13.357	448	13.383	587
13.408	448	13.434	603
13.458	448	13.484	613
13.510	449	13.535	617
13.560	449	13.585	613
13.611	450	13.637	603
13.661	449	13.687	588
13.712	449	13.738	566
13.762	448	13.788	541
13.814	449	13.839	512
13.864	449	13.889	482
13.915	449	13.941	451
13.965	448	13.991	422
14.016	449	14.042	396
14.067	448	14.092	374
14.118	447	14.143	358
14.168	448	14.194	350
14.219	447	14.245	345
14.269	447	14.295	348
14.321	447	14.346	359
14.371	448	14.396	375
14.422	447	14.448	398
14.472	448	14.498	423
14.523	447	14.549	451
14.574	448	14.599	482
14.625	447	14.650	512
14.675	448	14.700	540
14.726	449	14.752	566
14.776	448	14.802	585
14.827	449	14.853	602
14.878	449	14.903	611
14.929	449	14.954	615
14.979	447	15.005	610
15.030	449	15.056	600
15.080	449	15.106	584
15.132	449	15.157	563
15.182	448	15.207	537
15.233	449	15.259	508
15.283	448	15.309	478
15.334	448	15.360	449
15.385	449	15.410	422
15.436	448	15.461	395
15.486	447	15.511	376
15.537	447	15.563	361
15.587	448	15.613	351
15.638	447	15.664	349
15.689	447	15.714	353
15.740	447	15.765	364
15.791	447	15.816	380
15.841	447	15.867	402
15.892	448	15.917	426
15.943	447	15.968	455
15.994	447	16.018	484
16.044	448	16.070	514
16.095	449	16.120	541
16.145	449	16.171	566
16.197	448	16.221	585
16.247	449	16.272	600
16.298	449	16.322	608
16.348	450	16.374	611
16.399	449	16.424	606
16.449	450	16.475	596
16.501	448	16.525	579
16.551	449	16.576	558
16.602	448	16.627	533
16.652	449	16.678	505
16.703	449	16.728	476
16.754	448	16.779	445
16.805	448	16.829	420
16.855	448	16.881	395
16.906	448	16.931	376
16.956	446	16.982	361
17.008	448	17.032	355
17.058	448	17.083	351
17.109	448	17.134	357
17.159	448	17.185	366
17.210	447	17.235	384
17.260	448	17.286	405
17.312	447	17.336	431
17.362	448	17.387	458
17.413	448	17.438	487
17.463	449	17.489	516
17.514	448	17.539	542
17.565	448	17.590	566
17.616	449	17.640	584
17.666	448	17.692	596
17.717	448	17.742	606
17.767	448	17.793	608
17.819	448	17.843	603
17.869	449	17.894	591
17.920	448	17.945	574
17.970	448	17.996	553
18.021	448	18.046	528
18.071	447	18.097	499
18.123	448	18.147	472
18.173	447	18.198	443
18.224	448	18.249	419
18.274	448	18.300	395
18.325	447	18.350	377
18.376	447	18.401	363
18.427	448	18.451	356
18.477	447	18.503	354
18.528	448	18.553	361
18.578	448	18.604	372
18.630	448	18.654	389
18.680	449	18.705	411
18.731	449	18.756	435
18.781	449	18.807	464
18.832	448	18.858	489
18.882	450	18.908	518
18.934	449	18.959	544
18.984	449	19.009	567
19.035	448	19.061	584
19.085	449	19.111	597
19.136	449	19.162	603
19.187	448	19.212	604
19.238	448	19.263	599
19.288	450	19.314	588
19.339	448	19.365	571
19.389	448	19.415	548
19.441	448	19.466	524
19.491	448	19.516	498
19.542	447	19.568	471
19.592	449	19.618	442
19.643	449	19.669	418
19.694	448	19.719	395
19.745	447	19.770	377
19.795	447	19.820	365
19.846	448	19.872	358
19.896	448	19.922	359
19.947	448	19.973	363
19.998	447	20.023	376
20.049	449	20.074	393
20.099	448	20.125	416
20.150	448	20.176	440
20.200	448	20.226	466
20.252	448	20.277	494
20.302	449	20.327	521
20.353	449	20.379	546
20.403	447	20.429	567
20.454	449	20.480	584
20.505	448	20.530	596
20.556	447	20.581	601
20.606	448	20.631	601
20.657	448	20.683	595
20.707	449	20.733	583
20.758	449	20.784	565
20.809	448	20.834	545
20.860	448	20.885	520
20.910	448	20.936	493
20.961	447	20.987	466
21.011	448	21.037	440
21.063	448	21.088	416
21.113	448	21.138	395
21.164	449	21.190	378
21.214	448	21.240	368
21.265	449	21.291	362
21.316	447	21.341	362
21.367	448	21.392	367
21.417	448	21.442	380
21.468	447	21.494	397
21.518	448	21.544	419
21.569	447	21.595	443
21.620	448	21.645	469
21.671	448	21.696	496
21.721	450	21.747	523
21.772	449	21.798	545
21.822	448	21.848	568
21.874	449	21.899	582
21.924	449	21.949	593
21.975	448	22.001	599
22.025	448	22.051	598
22.076	448	22.102	590
22.127	448	22.152	577
22.178	448	22.203	561
22.228	449	22.254	541
22.279	447	22.305	517
22.329	448	22.355	491
22.380	449	22.406	465
22.431	448	22.456	440
22.482	448	22.507	415
22.533	449	22.558	395
22.583	449	22.609	379
22.634	447	22.659	369
22.685	447	22.710	365
22.736	447	22.760	365
22.786	448	22.812	372
22.837	449	22.862	385
22.887	447	22.913	401
22.939	447	22.963	423
22.989	448	23.014	447
23.040	448	23.065	473
23.090	448	23.116	499
23.141	448	23.166	524
23.191	448	23.217	547
23.243	448	23.267	566
23.293	449	23.318	581
23.344	448	23.369	592
23.394	450	23.420	595
23.445	449	23.470	595
23.496	447	23.521	587
23.547	448	23.571	575
23.597	447	23.623	558
23.648	449	23.673	537
23.698	448	23.724	512
23.750	449	23.774	488
23.800	449	23.825	462
23.851	449	23.876	438
23.901	448	23.927	415
23.952	448	23.977	396
24.002	448	24.028	381
24.054	448	24.078	371
24.104	448	24.129	366
24.155	449	24.180	368
24.205	448	24.231	377
24.256	447	24.281	389
24.307	448	24.332	406
24.358	447	24.382	427
24.408	447	24.434	451
24.459	449	24.484	475
24.509	448	24.535	500
24.561	447	24.585	526
24.611	448	24.636	547
24.662	449	24.687	567
24.712	448	24.738	580
24.763	449	24.788	590
24.814	449	24.839	593
24.865	448	24.889	592
24.915	449	24.940	584
24.966	450	24.991	571
25.016	448	25.042	554
25.067	449	25.092	533
25.118	448	25.143	508
25.169	449	25.193	484
25.219	449	25.245	460
25.270	449	25.295	435
25.320	448	25.346	414
25.372	448	25.396	396
25.422	447	25.447	382
25.473	446	25.498	374
25.523	448	25.549	371
25.574	448	25.600	372
25.625	448	25.650	380
25.676	447	25.701	391
25.726	449	25.751	409
25.777	448	25.803	431
25.827	448	25.853	453
25.878	448	25.904	479
25.929	449	25.954	502
25.980	449	26.005	527
26.030	448	26.056	547
26.081	449	26.107	566
26.131	450	26.157	579
26.183	449	26.208	587
26.233	449	26.258	591
26.284	449	26.310	588
26.334	448	26.360	580
26.385	449	26.411	567
26.436	449	26.461	550
26.487	449	26.512	528
26.537	449	26.562	507
26.588	449	26.614	482
26.638	448	26.664	458
26.689	448	26.715	435
26.740	448	26.765	413
26.791	447	26.816	396
26.841	447	26.867	382
26.892	448	26.918	375
26.942	448	26.968	372
26.994	448	27.019	375
27.044	447	27.069	382
27.095	448	27.121	396
27.145	448	27.171	413
27.196	448	27.222	435
27.247	448	27.272	458
27.298	447	27.323	482
27.348	448	27.374	505
27.399	448	27.425	529
27.449	449	27.475	549
27.500	448	27.526	566
27.551	449	27.576	578
27.602	448	27.627	585
27.652	449	27.678	588
27.703	450	27.729	585
27.753	447	27.779	576
27.805	449	27.830	562
27.855	449	27.880	547
27.906	448	27.932	526
27.956	448	27.982	502
28.007	448	28.033	478
28.058	448	28.083	456
28.109	448	28.134	433
28.159	448	28.185	411
28.210	448	28.236	397
28.260	448	28.286	385
28.311	447	28.337	377
28.362	448	28.387	375
28.413	448	28.438	379
28.463	448	28.489	387
28.514	449	28.540	400
28.564	449	28.590	418
28.616	448	28.641	439
28.666	449	28.691	460
28.717	448	28.743	484
28.767	448	28.793	507
28.818	448	28.844	530
28.869	449	28.894	550
28.920	448	28.945	565
28.970	448	28.996	577
29.021	449	29.047	584
29.071	449	29.097	585
29.122	449	29.148	582
29.173	448	29.198	573
29.224	448	29.249	559
29.274	448	29.300	542
29.325	448	29.351	522
29.375	447	29.401	499
29.427	449	29.452	476
29.477	448	29.502	453
29.528	448	29.554	430
29.578	448	29.604	413
29.629	448	29.655	398
29.680	448	29.705	385
29.731	447	29.756	378
29.781	448	29.807	377
29.832	447	29.858	382
29.882	449	29.908	391
29.934	448	29.959	404
29.984	448	30.009	422
30.035	447	30.060	442
30.085	448	30.111	464
30.136	448	30.162	487
30.186	448	30.212	510
30.238	448	30.263	531
30.288	448	30.313	547
30.339	449	30.365	564
30.389	447	30.415	576
30.440	447	30.466	582
30.491	449	30.516	583
30.542	448	30.567	578
30.592	448	30.618	569
30.643	448	30.669	556
30.693	448	30.719	539
30.745	447	30.770	517
30.795	448	30.820	496
30.846	449	30.871	473
30.896	448	30.922	452
30.947	449	30.973	432
30.997	449	31.023	413
31.049	448	31.074	397
31.099	449	31.124	386
31.150	448	31.176	380
31.200	449	31.226	381
31.251	448	31.277	385
31.302	447	31.327	394
31.353	448	31.378	409
31.403	448	31.429	425
31.454	447	31.480	445
31.504	447	31.530	466
31.556	447	31.581	489
31.606	447	31.631	511
31.657	449	31.682	532
31.707	448	31.733	549
31.758	448	31.784	563
31.808	448	31.834	573
31.860	448	31.885	579
31.910	449	31.935	580
31.961	448	31.987	575
32.011	448	32.037	565
32.062	448	32.088	551
32.113	448	32.138	535
32.164	448	32.189	515
32.214	448	32.240	494
32.265	449	32.291	471
32.315	448	32.341	448
32.367	448	32.392	430
32.417	449	32.442	413
32.468	449	32.494	398
32.518	449	32.544	389
32.569	448	32.595	383
32.619	448	32.645	385
32.671	448	32.696	389
32.721	448	32.746	398
32.772	448	32.798	411
32.822	448	32.848	429
32.873	448	32.899	448
32.924	448	32.949	469
32.975	448	33.000	491
33.025	448	33.051	513
33.076	448	33.102	533
33.126	448	33.152	551
33.178	448	33.203	563
33.228	450	33.253	571
33.279	449	33.305	576
33.329	448	33.355	577
33.380	448	33.406	572
33.430	449	33.456	562
33.482	449	33.507	549
33.532	450	33.557	532
33.583	449	33.609	512
33.633	448	33.659	490
33.684	449	33.710	469
33.735	448	33.760	448
33.786	448	33.811	428
33.836	449	33.862	413
33.887	448	33.913	400
33.937	448	33.963	391
33.989	448	34.014	386
34.039	448	34.064	387
34.090	448	34.116	391
34.140	449	34.166	401
34.191	448	34.217	415
34.241	447	34.267	433
34.293	448	34.318	452
34.343	448	34.368	473
34.394	449	34.420	494
34.444	449	34.470	515
34.495	449	34.521	534
34.547	448	34.571	550
34.597	448	34.622	563
34.648	449	34.673	571
34.698	449	34.724	576
34.749	449	34.774	574
34.800	450	34.825	569
34.851	449	34.875	559
34.901	449	34.927	545
34.952	448	34.977	528
35.002	448	35.028	508
35.054	448	35.078	487
35.104	449	35.129	467
35.155	448	35.179	447
35.205	449	35.231	428
35.256	448	35.281	412
35.306	448	35.332	400
35.358	448	35.382	392
35.408	448	35.433	387
35.459	448	35.484	389
35.509	448	35.535	395
35.560	448	35.585	405
35.611	446	35.636	419
35.662	449	35.686	436
35.712	447	35.738	455
35.763	448	35.788	475
35.813	448	35.839	496
35.865	448	35.889	515
35.915	448	35.940	535
35.966	448	35.990	549
36.016	449	36.042	562
36.067	449	36.092	567
36.117	450	36.143	572
36.169	450	36.193	571
36.219	449	36.244	565
36.270	448	36.295	555
36.320	449	36.346	542
36.371	449	36.396	524
36.422	448	36.447	505
36.473	449	36.497	486
36.523	449	36.549	465
36.574	448	36.599	446
36.624	448	36.650	428
36.676	448	36.700	414
36.726	447	36.751	401
36.777	447	36.801	392
36.827	447	36.853	389
36.878	447	36.903	393
36.928	448	36.954	397
36.980	447	37.004	407
37.030	447	37.055	422
37.081	448	37.106	438
37.131	448	37.157	458
37.182	448	37.207	478
37.233	447	37.258	497
37.284	448	37.308	517
37.334	448	37.360	535
37.385	449	37.410	549
37.435	449	37.461	561
37.487	449	37.511	567
37.537	449	37.562	570
37.588	449	37.612	566
37.638	449	37.664	562
37.689	449	37.715	551
37.739	449	37.765	538
37.791	448	37.816	521
37.841	448	37.866	502
37.892	448	37.918	483
37.942	448	37.968	463
37.993	447	38.019	444
38.044	448	38.069	427
38.095	447	38.120	412
38.145	448	38.171	402
38.196	448	38.222	397
38.246	447	38.272	392
38.298	447	38.323	395
38.348	448	38.373	400
38.399	447	38.425	411
38.449	448	38.475	425
38.500	448	38.526	443
38.550	448	38.576	460
38.602	448	38.627	480
38.652	448	38.677	499
38.703	449	38.729	518
38.753	449	38.779	535
38.804	449	38.830	549
38.855	449	38.880	558
38.906	449	38.931	565
38.956	449	38.982	569
39.007	448	39.033	565
39.057	448	39.083	558
39.109	449	39.134	548
39.159	448	39.184	535
39.210	448	39.236	518
39.260	448	39.286	500
39.311	447	39.337	481
39.361	448	39.387	461
39.413	448	39.438	443
39.463	448	39.488	427
39.514	448	39.540	413
39.564	448	39.590	403
39.615	448	39.641	397
39.666	448	39.691	396
39.717	448	39.742	397
39.767	449	39.793	404
39.818	448	39.844	416
39.868	449	39.894	429
39.920	449	39.945	446
39.970	448	39.995	463
40.021	449	40.047	482
40.071	449	40.097	501
40.122	449	40.148	520
40.172	448	40.198	535
40.224	449	40.249	548
40.274	448	40.299	558
40.325	448	40.351	564
40.375	448	40.401	567
40.426	448	40.452	562
40.477	447	40.502	554
40.528	448	40.553	545
40.578	448	40.604	533
40.629	447	40.655	516
40.679	448	40.705	497
40.731	447	40.756	478
40.781	449	40.806	460
40.832	449	40.858	443
40.882	447	40.908	427
40.933	448	40.959	414
40.983	449	41.009	405
41.035	448	41.060	399
41.085	448	41.110	398
41.136	448	41.162	400
41.186	448	41.212	406
41.237	449	41.263	419
41.288	448	41.313	432
41.339	448	41.364	448
41.390	449	41.415	466
41.440	449	41.466	485
41.491	449	41.516	503
41.542	449	41.567	521
41.593	448	41.617	536
41.643	449	41.669	548
41.694	448	41.719	557
41.744	448	41.770	562
41.796	449	41.820	563
41.846	448	41.871	560
41.897	448	41.921	553
41.947	447	41.973	542
41.998	448	42.023	528
42.048	449	42.074	512
42.100	446	42.124	494
42.150	447	42.175	476
42.201	448	42.226	459
42.251	448	42.277	441
42.302	449	42.327	426
42.353	447	42.378	414
42.404	449	42.428	405
42.454	448	42.480	401
42.505	448	42.530	400
42.555	448	42.581	404
42.607	448	42.631	410
42.657	449	42.682	421
42.708	447	42.732	433
42.758	448	42.784	451
42.809	448	42.834	468
42.859	448	42.885	487
42.911	449	42.935	505
42.961	448	42.986	521
43.012	448	43.037	535
43.062	448	43.088	547
43.113	447	43.138	556
43.164	448	43.189	559
43.215	448	43.239	561
43.265	450	43.291	558
43.316	449	43.341	550
43.366	448	43.392	540
43.418	449	43.442	525
43.468	449	43.493	509
43.519	448	43.543	492
43.569	448	43.595	474
43.620	448	43.645	457
43.670	449	43.696	441
43.722	449	43.746	426
43.772	448	43.797	415
43.823	449	43.848	407
43.873	448	43.899	402
43.924	448	43.949	402
43.975	448	44.000	406
44.026	449	44.050	414
44.076	448	44.102	424
44.127	448	44.152	439
44.177	448	44.203	454
44.229	448	44.253	472
44.279	448	44.304	488
44.330	448	44.354	506
44.380	448	44.406	523
44.431	448	44.457	535
44.481	447	44.507	547
44.533	448	44.558	555
44.583	448	44.608	558
44.634	448	44.660	557
44.684	448	44.710	554
44.735	448	44.761	547
44.786	449	44.811	536
44.837	448	44.862	523
44.887	448	44.913	505
44.938	448	44.964	490
44.988	448	45.014	472
45.040	449	45.065	456
45.090	447	45.115	441
45.141	449	45.167	427
45.191	448	45.217	416
45.242	448	45.268	409
45.292	448	45.318	405
45.344	448	45.369	405
45.394	448	45.419	409
45.445	449	45.471	416
45.495	448	45.521	428
45.546	448	45.572	442
45.597	447	45.622	457
45.648	448	45.673	474
45.698	447	45.724	491
45.749	448	45.775	507
45.799	448	45.825	523
45.851	449	45.876	535
45.901	448	45.926	546
45.952	448	45.978	553
46.002	449	46.028	556
46.053	448	46.079	556
46.103	448	46.129	550
46.155	448	46.180	544
46.205	449	46.230	533
46.256	448	46.282	518
46.306	449	46.332	505
46.357	448	46.383	487
46.408	449	46.433	471
46.459	448	46.484	455
46.509	449	46.535	439
46.560	448	46.586	426
46.610	447	46.636	416
46.662	448	46.687	410
46.712	449	46.737	406
46.763	448	46.789	408
46.813	448	46.839	412
46.864	447	46.890	419
46.914	448	46.940	431
46.966	448	46.991	443
47.016	448	47.041	459
47.067	448	47.093	476
47.117	448	47.143	493
47.168	447	47.194	508
47.219	449	47.244	523
47.270	448	47.295	535
47.320	449	47.346	545
47.371	448	47.397	551
47.421	448	47.447	554
47.473	448	47.498	553
47.523	448	47.548	547
47.574	449	47.600	542
47.624	449	47.650	530
47.675	449	47.701	517
47.726	448	47.751	501
47.777	449	47.802	483
47.827	448	47.852	468
47.878	448	47.904	454
47.928	448	47.954	439
47.979	449	48.005	427
48.030	448	48.055	416
48.081	448	48.106	412
48.131	448	48.157	409
48.182	448	48.208	410
48.232	448	48.258	415
48.284	448	48.309	423
48.334	448	48.359	433
48.385	448	48.411	448
48.435	447	48.461	462
48.486	448	48.512	478
48.537	448	48.562	494
48.588	449	48.613	509
48.638	448	48.663	522
48.689	447	48.715	535
48.739	449	48.765	544
48.790	448	48.816	550
48.841	448	48.866	552
48.892	448	48.917	551
48.943	449	48.968	546
48.993	449	49.019	538
49.044	448	49.069	526
49.095	448	49.120	514
49.146	448	49.170	497
49.196	448	49.222	484
49.247	448	49.272	467
49.297	448	49.323	453
49.349	448	49.373	438
49.399	448	49.424	427
49.450	447	49.474	419
49.500	448	49.526	414
49.551	447	49.576	411
49.601	449	49.627	413
49.653	447	49.677	418
49.703	448	49.728	426
49.754	448	49.779	437
49.804	449	49.830	450
49.855	448	49.880	466
49.906	448	49.931	480
49.957	449	49.981	496
50.007	448	50.033	508
50.058	448	50.083	525
50.108	449	50.134	534
50.160	448	50.184	542
50.210	448	50.235	549
50.261	448	50.286	550
50.311	449	50.337	547
50.362	448	50.387	544
50.412	448	50.438	535
50.464	448	50.488	523
50.514	448	50.539	511
50.565	448	50.590	496
50.615	449	50.641	480
50.666	449	50.691	466
50.717	448	50.742	451
50.768	449	50.792	438
50.818	448	50.844	428
50.869	448	50.894	419
50.919	448	50.945	414
50.971	448	50.995	414
51.021	448	51.046	416
51.072	448	51.097	420
51.122	448	51.148	428
51.173	447	51.198	439
51.223	449	51.249	453
51.275	448	51.299	468
51.325	447	51.350	483
51.376	447	51.401	497
51.426	449	51.452	511
51.477	449	51.502	524
51.528	448	51.553	533
51.579	448	51.603	542
51.629	448	51.655	546
51.680	449	51.705	548
51.730	448	51.756	546
51.782	449	51.806	540
51.832	449	51.857	533
51.883	448	51.908	522
51.933	448	51.959	508
51.984	448	52.010	494
52.034	448	52.060	479
52.086	448	52.111	464
52.136	448	52.161	449
52.187	448	52.213	438
52.237	449	52.263	428
52.288	448	52.314	420
52.339	449	52.364	417
52.390	448	52.415	415
52.440	448	52.466	418
52.491	447	52.517	421
52.541	449	52.567	432
52.593	447	52.618	441
52.643	447	52.668	455
52.694	448	52.720	470
52.744	448	52.770	483
52.795	449	52.821	498
52.846	448	52.871	512
52.897	449	52.922	524
52.947	448	52.972	534
52.998	448	53.024	541
53.048	449	53.074	544
53.099	449	53.125	546
53.150	449	53.175	544
53.201	448	53.226	538
53.251	449	53.277	529
53.302	448	53.328	519
53.352	448	53.378	507
53.404	448	53.429	492
53.454	448	53.479	478
53.505	447	53.531	464
53.555	448	53.581	450
53.606	448	53.632	437
53.657	448	53.682	428
53.708	448	53.733	423
53.758	449	53.783	418
53.809	447	53.835	417
53.859	449	53.885	420
53.910	448	53.936	426
53.961	450	53.986	435
54.012	448	54.037	446
54.062	447	54.088	457
54.113	448	54.139	472
54.163	449	54.189	486
54.215	447	54.240	498
54.265	448	54.290	512
54.316	448	54.342	524
54.366	449	54.392	533
54.417	448	54.443	539
54.468	449	54.493	544
54.519	448	54.544	544
54.569	449	54.594	542
54.620	448	54.646	535
54.670	448	54.696	527
54.721	449	54.747	516
54.772	449	54.797	503
54.823	449	54.848	490
54.873	449	54.899	476
54.924	450	54.950	462
54.974	448	55.000	450
55.026	447	55.051	437
55.076	447	55.101	429
55.127	447	55.153	423
55.177	447	55.203	419
55.228	448	55.254	419
55.279	448	55.304	423
55.330	449	55.355	428
55.380	448	55.406	437
55.431	448	55.457	448
55.481	449	55.507	460
55.532	449	55.558	473
55.583	448	55.608	488
55.634	449	55.659	500
55.685	448	55.710	514
55.735	448	55.761	523
55.786	447	55.811	531
55.837	448	55.862	539
55.888	449	55.912	542
55.938	448	55.964	542
55.989	447	56.014	538
56.039	449	56.065	532
56.091	449	56.115	524
56.141	447	56.166	513
56.192	449	56.217	500
56.242	449	56.268	488
56.293	448	56.318	475
56.343	448	56.369	461
56.395	448	56.419	449
56.445	448	56.470	439
56.496	448	56.521	431
56.546	448	56.572	425
56.597	447	56.622	422
56.648	448	56.673	422
56.699	449	56.723	425
56.749	447	56.775	431
56.800	448	56.825	439
56.850	448	56.876	449
56.902	448	56.926	462
56.952	448	56.977	476
57.003	449	57.028	490
57.053	449	57.079	503
57.104	449	57.129	514
57.154	449	57.180	524
57.206	448	57.230	532
57.256	449	57.281	537
57.307	448	57.332	541
57.357	449	57.383	540
57.408	448	57.433	535
57.459	448	57.484	530
57.510	448	57.534	521
57.560	447	57.586	510
57.611	447	57.636	498
57.661	449	57.687	485
57.713	448	57.737	473
57.763	447	57.788	459
57.814	449	57.839	449
57.864	448	57.890	438
57.915	448	57.940	432
57.966	449	57.991	426
58.017	449	58.041	424
58.067	448	58.092	424
58.118	448	58.143	428
58.168	447	58.194	433
58.219	448	58.244	442
58.270	449	58.295	453
58.321	448	58.345	465
58.371	448	58.397	477
58.422	449	58.447	490
58.472	449	58.498	503
58.524	448	58.548	513
58.574	448	58.599	524
58.625	448	58.650	529
58.675	448	58.701	536
58.726	448	58.752	538
58.777	448	58.802	536
58.828	449	58.853	533
58.878	448	58.903	528
58.929	448	58.955	519
58.979	448	59.005	508
59.030	448	59.056	497
59.081	448	59.106	484
59.132	447	59.157	471
59.182	447	59.208	458
59.233	448	59.259	447
59.283	449	59.309	439
59.335	448	59.360	433
59.385	449	59.410	426
59.436	448	59.462	426
59.486	449	59.512	426
59.537	448	59.563	430
59.588	448	59.613	437
59.639	448	59.664	445
59.689	449	59.714	455
59.740	447	59.766	467
59.790	448	59.816	480
59.841	448	59.867	492
59.892	448	59.917	503
59.943	448	59.968	514
59.993	449	60.019	524
60.044	448	60.070	528
60.094	448	60.120	535
60.146	448	60.171	535
60.196	448	60.221	534
60.247	448	60.273	532
60.297	448	60.323	524
60.348	448	60.374	516
60.399	449	60.424	506
60.450	448	60.475	494
60.500	450	60.526	483
60.551	448	60.577	469
60.601	449	60.627	459
60.652	449	60.678	449
60.703	448	60.728	440
60.754	448	60.779	432
60.804	448	60.830	429
60.855	447	60.881	427
60.905	447	60.931	427
60.957	448	60.982	432
61.007	449	61.032	440
61.058	448	61.084	448
61.108	448	61.134	458
61.159	448	61.185	470
61.210	449	61.235	481
61.261	449	61.286	494
61.311	450	61.337	506
61.362	449	61.388	515
61.412	449	61.438	525
61.463	448	61.489	529
61.514	448	61.539	533
61.565	447	61.590	533
61.615	447	61.641	534
61.666	448	61.692	528
61.716	447	61.742	521
61.768	448	61.793	512
61.818	448	61.843	501
61.869	448	61.895	490
61.919	448	61.945	480
61.970	450	61.996	469
62.021	449	62.046	458
62.072	449	62.097	449
62.122	448	62.148	439
62.173	448	62.199	435
62.223	449	62.249	430
62.274	449	62.300	431
62.325	448	62.350	431
62.376	449	62.401	437
62.426	448	62.452	442
62.477	449	62.503	451
62.527	448	62.553	461
62.579	449	62.604	471
62.629	447	62.654	483
62.680	449	62.706	495
62.730	449	62.756	505
62.781	448	62.807	514
62.832	448	62.857	523
62.883	447	62.908	528
62.933	448	62.959	531
62.984	449	63.010	533
63.034	448	63.060	530
63.086	448	63.111	526
63.136	448	63.161	520
63.187	448	63.212	510
63.237	448	63.263	501
63.288	450	63.314	491
63.338	448	63.364	479
63.390	449	63.415	467
63.440	448	63.465	456
63.491	448	63.517	447
63.541	448	63.567	440
63.592	448	63.618	436
63.643	449	63.668	432
63.694	448	63.719	432
63.744	449	63.770	431
63.795	448	63.821	438
63.845	448	63.871	443
63.897	448	63.922	452
63.947	448	63.972	464
63.998	448	64.023	473
64.048	448	64.074	486
64.099	448	64.125	495
64.149	447	64.175	507
64.201	447	64.226	513
64.251	446	64.276	522
64.302	448	64.328	528
64.352	448	64.378	529
64.403	449	64.429	529
64.454	449	64.479	529
64.505	449	64.530	522
64.555	449	64.581	516
64.606	448	64.632	508
64.656	449	64.682	499
64.708	448	64.733	488
64.758	449	64.783	478
64.809	449	64.834	467
64.859	449	64.885	457
64.910	450	64.936	449
64.960	448	64.986	440
65.012	447	65.037	437
65.062	449	65.087	434
65.113	449	65.139	434
65.163	449	65.189	436
65.214	446	65.240	439
65.265	448	65.290	446
65.316	447	65.341	454
65.366	447	65.392	464
65.417	447	65.443	476
65.467	447	65.493	485
65.519	447	65.544	496
65.569	448	65.594	506
65.620	448	65.646	514
65.670	447	65.696	520
65.721	448	65.747	525
65.771	449	65.797	527
65.823	449	65.848	527
65.873	449	65.898	526
65.924	449	65.950	520
65.974	447	66.000	515
66.025	448	66.051	506
66.076	449	66.101	497
66.127	448	66.152	488
66.177	449	66.203	476
66.228	448	66.254	466
66.278	448	66.304	457
66.330	447	66.355	449
66.380	449	66.405	442
66.431	448	66.457	439
66.481	449	66.507	436
66.532	449	66.558	438
66.582	448	66.608	438
66.634	447	66.659	443
66.684	448	66.709	449
66.735	447	66.761	457
66.785	448	66.811	466
66.836	448	66.862	476
66.887	447	66.912	486
66.938	448	66.963	497
66.988	448	67.014	505
67.039	449	67.065	513
67.089	447	67.115	520
67.141	449	67.166	524
67.191	448	67.216	525
67.242	449	67.268	525
67.292	449	67.318	522
67.343	449	67.369	519
67.393	449	67.419	512
67.445	448	67.470	504
67.495	449	67.520	494
67.546	448	67.572	485
67.596	449	67.622	474
67.647	449	67.673	465
67.699	448	67.723	456
67.749	448	67.774	448
67.800	449	67.825	444
67.850	448	67.876	440
67.901	448	67.926	437
67.952	448	67.977	438
68.003	448	68.027	441
68.053	448	68.079	446
68.104	447	68.129	452
68.154	448	68.180	461
68.206	447	68.230	468
68.256	448	68.281	478
68.307	447	68.331	489
68.357	449	68.383	497
68.408	447	68.433	506
68.458	449	68.484	513
68.510	447	68.534	519
68.560	450	68.585	523
68.611	448	68.636	523
68.661	449	68.687	523
68.712	449	68.737	520
68.763	449	68.788	516
68.814	449	68.838	509
68.864	448	68.890	501
68.915	449	68.940	493
68.965	448	68.991	483
69.017	449	69.041	473
69.067	448	69.092	464
69.118	448	69.142	456
69.168	448	69.194	450
69.219	449	69.244	445
69.269	448	69.295	441
69.321	448	69.345	438
69.371	448	69.396	441
69.422	448	69.447	443
69.472	448	69.498	449
69.523	448	69.548	454
69.574	449	69.599	464
69.625	448	69.649	471
69.675	449	69.701	481
69.726	449	69.751	488
69.776	447	69.802	497
69.828	448	69.852	505
69.878	448	69.903	512
69.929	448	69.953	518
69.979	449	70.005	519
70.030	448	70.055	521
70.080	448	70.106	520
70.132	448	70.156	517
70.182	448	70.207	513
70.233	449	70.258	506
70.283	449	70.309	499
70.334	448	70.359	490
70.385	449	70.410	482
70.436	448	70.460	473
70.486	449	70.512	465
70.537	449	70.562	457
70.587	448	70.613	449
70.639	447	70.663	445
70.689	448	70.714	443
70.740	447	70.764	441
70.790	448	70.816	443
70.841	449	70.867	446
70.891	448	70.917	450
70.943	448	70.968	457
70.993	448	71.018	464
71.044	448	71.070	472
71.094	448	71.120	482
71.145	448	71.171	490
71.196	449	71.221	498
71.247	447	71.272	506
71.297	449	71.323	512
71.348	449	71.374	516
71.398	449	71.424	521
71.450	446	71.475	520
71.500	448	71.525	518
71.551	449	71.577	515
71.601	448	71.627	510
71.652	448	71.678	505
71.702	448	71.728	497
71.754	448	71.779	488
71.804	449	71.829	479
71.855	448	71.881	471
71.905	448	71.931	463
71.956	448	71.982	456
72.007	447	72.032	451
72.058	448	72.083	447
72.108	447	72.134	444
72.159	449	72.185	444
72.209	449	72.235	446
72.261	449	72.286	447
72.311	448	72.336	454
72.362	448	72.388	458
72.412	449	72.438	467
72.463	448	72.489	473
72.513	448	72.539	482
72.565	448	72.590	491
72.615	449	72.640	499
72.666	448	72.692	506
72.716	448	72.742	512
72.767	448	72.793	515
72.818	448	72.843	518
72.869	447	72.894	517
72.919	449	72.945	517
72.970	448	72.996	514
73.020	448	73.046	509
73.072	448	73.097	502
73.122	449	73.147	495
73.173	448	73.199	487
73.223	449	73.249	480
73.274	448	73.300	470
73.324	448	73.350	464
73.376	448	73.401	458
73.426	448	73.451	451
73.477	446	73.503	448
73.527	447	73.553	447
73.578	448	73.604	446
73.629	449	73.654	447
73.680	448	73.705	450
73.730	448	73.756	454
73.781	448	73.807	462
73.831	448	73.857	469
73.883	448	73.908	475
73.933	449	73.958	484
73.984	448	74.010	492
74.034	449	74.060	499
74.085	449	74.111	505
74.135	448	74.161	509
74.187	447	74.212	514
74.237	449	74.262	515
74.288	448	74.314	516
74.338	449	74.364	515
74.389	448	74.415	511
74.440	448	74.465	505
74.491	448	74.516	499
74.542	448	74.567	492
74.592	447	74.618	486
74.643	449	74.668	474
74.694	449	74.719	471
74.745	448	74.769	464
74.795	449	74.821	458
74.846	448	74.871	452
74.896	449	74.922	450
74.948	448	74.972	447
74.998	449	75.023	448
75.049	449	75.073	449
75.099	449	75.125	452
75.150	448	75.175	457
75.200	448	75.226	463
75.252	448	75.276	471
75.302	448	75.327	477
75.353	448	75.378	485
75.403	449	75.429	492
75.454	448	75.479	498
75.505	449	75.530	505
75.556	449	75.580	509
75.606	448	75.632	513
75.657	448	75.682	514
75.707	448	75.733	514
75.759	448	75.783	512
75.809	448	75.834	509
75.860	449	75.884	505
75.910	448	75.936	498
75.961	448	75.986	492
76.011	448	76.037	484
76.063	448	76.087	477
76.113	449	76.138	470
76.164	449	76.189	464
76.214	449	76.240	458
76.265	448	76.290	454
76.316	446	76.341	450
76.367	447	76.391	449
76.417	448	76.443	450
76.468	448	76.493	451
76.518	447	76.544	454
76.570	448	76.594	460
76.620	448	76.645	464
76.671	448	76.695	472
76.721	448	76.747	478
76.772	449	76.797	487
76.822	448	76.848	493
76.874	448	76.898	500
76.924	448	76.949	505
76.975	449	77.000	510
77.025	446	77.051	511
77.076	450	77.101	512
77.127	449	77.152	513
77.178	448	77.202	510
77.228	448	77.254	508
77.279	448	77.304	502
77.329	448	77.355	495
77.381	448	77.405	488
77.431	448	77.456	483
77.482	447	77.506	476
77.532	448	77.558	468
77.583	447	77.609	463
77.633	449	77.659	459
77.685	448	77.710	454
77.735	448	77.760	451
77.786	448	77.812	451
77.836	448	77.862	451
77.887	447	77.913	453
77.938	448	77.963	457
77.989	448	78.014	460
78.039	448	78.065	467
78.090	449	78.116	474
78.140	448	78.166	480
78.192	448	78.217	487
78.242	448	78.267	493
78.293	449	78.319	499
78.343	447	78.369	504
78.394	448	78.420	508
78.444	447	78.470	510
78.496	449	78.521	511
78.546	448	78.571	509
78.597	450	78.623	508
78.647	449	78.673	505
78.698	448	78.724	500
78.749	447	78.774	494
78.800	449	78.825	489
78.850	448	78.876	481
78.901	448	78.927	474
78.951	447	78.977	469
79.003	448	79.028	464
79.053	448	79.078	459
79.104	448	79.130	455
79.154	449	79.180	454
79.205	447	79.231	452
79.255	449	79.281	453
79.307	447	79.332	454
79.357	449	79.382	459
79.408	448	79.434	463
79.458	448	79.484	468
79.509	449	79.535	476
79.560	448	79.585	481
79.611	448	79.636	488
79.661	448	79.687	493
79.712	448	79.738	499
79.762	449	79.788	504
79.814	449	79.839	507
79.864	449	79.889	510
79.915	448	79.941	510
79.965	448	79.991	509
80.016	449	80.042	507
80.066	448	80.092	503
80.118	449	80.143	498
80.168	448	80.193	491
80.219	448	80.245	487
80.269	448	80.295	480
80.320	447	80.346	473
80.371	448	80.396	469
80.422	448	80.447	463
80.472	448	80.498	459
80.523	447	80.549	455
80.573	448	80.599	454
80.625	447	80.650	454
80.675	449	80.700	455
80.726	448	80.752	457
80.776	449	80.802	461
80.827	448	80.853	467
80.878	449	80.903	470
80.929	448	80.954	477
80.979	448	81.004	483
81.030	448	81.056	488
81.080	449	81.106	494
81.131	448	81.157	499
81.182	448	81.207	503
81.233	449	81.258	506
81.283	448	81.309	507
81.334	447	81.360	507
81.384	448	81.410	507
81.436	448	81.461	505
81.486	448	81.511	501
81.537	448	81.563	496
81.587	448	81.613	492
81.638	449	81.664	485
81.689	447	81.714	480
81.740	448	81.765	473
81.790	448	81.815	469
81.841	448	81.867	464
81.891	449	81.917	458
81.942	447	81.968	457
81.993	449	82.018	456
82.044	448	82.069	455
82.095	448	82.120	456
82.145	447	82.171	458
82.196	448	82.221	462
82.247	448	82.272	468
82.298	448	82.322	471
82.348	448	82.374	479
82.399	448	82.424	483
82.449	449	82.475	490
82.501	449	82.525	494
82.551	449	82.576	499
82.602	449	82.626	502
82.652	448	82.678	504
82.703	449	82.728	507
82.753	448	82.779	507
82.805	449	82.829	505
82.855	449	82.880	502
82.906	448	82.931	499
82.956	448	82.982	495
83.007	447	83.032	488
83.058	448	83.083	483
83.109	448	83.133	478
83.159	448	83.185	473
83.210	448	83.235	469
83.260	449	83.286	464
83.312	449	83.336	460
83.362	448	83.387	458
83.413	449	83.438	456
83.463	447	83.489	456
83.514	449	83.539	458
83.564	448	83.590	461
83.616	449	83.640	464
83.666	448	83.691	469
83.717	448	83.742	473
83.767	449	83.793	480
83.818	448	83.843	482
83.869	448	83.894	490
83.920	449	83.944	494
83.970	447	83.996	498
84.021	448	84.046	501
84.071	447	84.097	503
84.123	448	84.147	505
84.173	447	84.198	505
84.224	448	84.249	503
84.274	448	84.300	500
84.325	448	84.350	497
84.375	449	84.401	493
84.427	448	84.451	489
84.477	448	84.502	483
84.528	449	84.553	476
84.578	448	84.604	473
84.629	448	84.654	469
84.680	448	84.705	463
84.731	448	84.755	462
84.781	448	84.807	459
84.832	448	84.857	459
84.882	448	84.908	458
84.934	448	84.958	460
84.984	447	85.009	463
85.035	447	85.060	466
85.085	449	85.111	470
85.136	449	85.162	476
85.186	448	85.212	481
85.238	448	85.263	484
85.288	448	85.313	490
85.339	448	85.365	494
85.389	448	85.415	498
85.440	449	85.466	501
85.491	448	85.516	501
85.542	447	85.567	502
85.592	448	85.618	503
85.643	448	85.669	501
85.693	447	85.719	497
85.745	448	85.770	495
85.795	448	85.820	490
85.846	448	85.872	485
85.896	447	85.922	481
85.947	449	85.973	478
85.998	448	86.023	471
86.049	449	86.074	468
86.099	449	86.124	465
86.150	448	86.176	462
86.200	449	86.226	461
86.251	448	86.277	460
86.302	448	86.327	460
86.353	449	86.378	463
86.403	447	86.429	465
86.454	450	86.480	468
86.504	448	86.530	472
86.556	447	86.581	476
86.606	448	86.631	481
86.657	448	86.683	486
86.707	448	86.733	490
86.758	448	86.784	495
86.809	448	86.834	498
86.860	448	86.885	500
86.910	448	86.935	502
86.961	448	86.987	501
87.011	448	87.037	500
87.062	448	87.088	500
87.113	449	87.138	496
87.164	448	87.189	492
87.214	449	87.240	490
87.265	449	87.291	485
87.315	449	87.341	480
87.367	449	87.392	477
87.417	448	87.442	472
87.468	449	87.494	469
87.518	448	87.544	464
87.569	448	87.595	464
87.620	448	87.645	462
87.671	448	87.696	461
87.721	448	87.746	463
87.772	448	87.798	464
87.822	449	87.848	467
87.873	447	87.899	471
87.924	448	87.949	473
87.975	449	88.000	479
88.025	448	88.051	482
88.076	448	88.102	487
88.126	447	88.152	491
88.178	449	88.203	493
88.228	449	88.253	497
88.279	449	88.305	498
88.329	448	88.355	500
88.380	448	88.406	500
88.431	449	88.456	499
88.482	448	88.507	497
88.532	448	88.558	494
88.583	447	88.609	491
88.633	448	88.659	488
88.684	448	88.710	484
88.735	448	88.760	479
88.786	449	88.811	474
88.837	449	88.862	473
88.887	448	88.913	468
88.938	448	88.963	465
88.989	448	89.014	465
89.040	448	89.064	463
89.090	448	89.116	464
89.141	449	89.166	464
89.191	448	89.217	466
89.243	448	89.267	469
89.293	448	89.318	472
89.344	447	89.369	474
89.394	449	89.420	480
89.445	449	89.470	483
89.495	448	89.521	487
89.547	448	89.571	489
89.597	448	89.622	494
89.648	448	89.673	496
89.698	449	89.724	496
89.749	448	89.774	499
89.800	449	89.825	497
89.851	448	89.875	497
89.901	449	89.927	496
89.952	448	89.977	493
90.002	450	90.028	490
90.054	449	90.078	487
90.104	448	90.129	482
90.155	448	90.180	479
90.205	448	90.231	475
90.256	448	90.281	471
90.306	448	90.332	470
90.358	450	90.382	467
90.408	448	90.433	465
90.459	448	90.484	464
90.509	448	90.535	465
90.560	447	90.585	466
90.611	449	90.636	467
90.662	448	90.686	470
90.712	449	90.738	473
90.763	448	90.788	477
90.813	448	90.839	481
90.865	449	90.889	484
90.915	447	90.940	487
90.966	448	90.991	491
91.016	448	91.042	494
91.067	448	91.092	495
91.118	448	91.143	496
91.169	448	91.193	497
91.219	448	91.244	497
91.270	448	91.295	496
91.320	448	91.346	494
91.371	448	91.396	492
91.422	448	91.447	488
91.473	449	91.497	485
91.523	447	91.549	481
91.574	449	91.599	477
91.624	448	91.650	474
91.676	448	91.700	472
91.726	449	91.751	471
91.777	449	91.802	468
91.827	448	91.853	468
91.878	448	91.904	466
91.929	448	91.954	466
91.980	447	92.005	468
92.030	448	92.055	470
92.081	447	92.107	472
92.131	448	92.157	474
92.182	449	92.208	477
92.233	449	92.258	481
92.284	448	92.309	484
92.334	448	92.360	487
92.385	448	92.411	491
92.435	448	92.461	492
92.487	449	92.512	495
92.537	448	92.562	495
92.588	448	92.614	496
92.638	449	92.664	494
92.689	448	92.715	493
92.740	447	92.765	491
92.791	448	92.816	490
92.841	448	92.866	485
92.892	448	92.918	483
92.942	448	92.968	480
92.993	448	93.019	477
93.044	448	93.069	475
93.095	448	93.120	471
93.145	448	93.171	470
93.196	447	93.222	468
93.246	449	93.272	468
93.298	448	93.323	466
93.348	448	93.373	469
93.399	449	93.425	470
93.449	448	93.475	471
93.500	449	93.526	474
93.551	448	93.576	476
93.602	449	93.627	479
93.652	448	93.678	481
93.703	448	93.729	485
93.753	449	93.779	487
93.804	449	93.830	490
93.855	448	93.880	492
93.906	448	93.931	494
93.956	448	93.982	495
94.007	448	94.033	493
94.057	448	94.083	494
94.109	448	94.134	492
94.159	448	94.184	490
94.210	449	94.236	488
94.260	447	94.286	486
94.311	448	94.337	482
94.362	448	94.387	479
94.413	448	94.438	477
94.463	448	94.489	475
94.514	448	94.540	472
94.564	448	94.590	471
94.615	448	94.641	469
94.666	448	94.691	470
94.717	448	94.742	468
94.767	448	94.793	470
94.818	447	94.844	471
94.868	448	94.894	474
94.920	447	94.945	475
94.970	448	94.995	478
95.021	449	95.047	481
95.071	448	95.097	483
95.122	447	95.148	485
95.173	449	95.198	488
95.224	449	95.249	490
95.274	448	95.300	491
95.325	448	95.351	492
95.375	448	95.401	492
95.426	448	95.452	494
95.477	449	95.502	491
95.528	449	95.553	491
95.578	449	95.604	489
95.629	449	95.655	487
95.679	448	95.705	484
95.731	448	95.756	481
95.781	446	95.806	479
95.832	449	95.858	476
95.882	448	95.908	475
95.933	448	95.959	473
95.984	448	96.009	472
96.035	447	96.060	471
96.085	448	96.111	471
96.136	449	96.162	471
96.186	449	96.212	471
96.238	449	96.263	473
96.288	447	96.313	475
96.339	449	96.364	477
96.389	448	96.415	479
96.440	448	96.466	481
96.490	449	96.516	485
96.542	448	96.567	485
96.592	449	96.617	488
96.643	448	96.669	489
96.693	448	96.719	491
96.744	447	96.770	491
96.795	448	96.820	490
96.846	448	96.871	491
96.896	449	96.922	488
96.947	448	96.973	489
96.997	448	97.023	486
97.049	448	97.074	485
97.099	448	97.124	483
97.150	448	97.175	480
97.200	448	97.226	478
97.251	449	97.277	477
97.301	449	97.327	475
97.353	449	97.378	474
97.403	448	97.428	472
97.454	448	97.480	471
97.504	448	97.530	472
97.555	448	97.581	471
97.606	448	97.631	475
97.657	449	97.682	474
97.707	449	97.733	476
97.758	449	97.784	479
97.808	449	97.834	480
97.860	448	97.885	482
97.910	448	97.935	485
97.961	448	97.986	486
98.011	448	98.037	487
98.062	448	98.088	487
98.112	448	98.138	490
98.164	448	98.189	490
98.214	449	98.239	490
98.265	448	98.291	489
98.315	448	98.341	489
98.366	448	98.392	484
98.417	448	98.442	484
98.468	448	98.493	484
98.518	448	98.544	481
98.569	448	98.595	480
98.619	448	98.645	478
98.671	448	98.696	475
98.721	449	98.746	475
98.772	450	98.798	474
98.822	448	98.848	474
98.873	448	98.899	474
98.923	448	98.949	474
98.975	448	99.000	473
99.025	448	99.050	478
99.076	448	99.102	477
99.126	449	99.152	479
99.177	448	99.203	480
99.228	449	99.253	480
99.279	448	99.304	484
99.329	448	99.355	485
99.380	447	99.406	486
99.430	448	99.456	486
99.482	447	99.507	488
99.532	449	99.557	488
99.583	448	99.609	488
99.633	448	99.659	488
99.684	448	99.710	488
99.734	448	99.760	486
99.786	449	99.811	485
99.836	449	99.861	484
99.887	450	99.913	482
99.937	448	99.963	481
99.988	448	100.014	480
100.039	448	100.064	477
100.090	449	100.115	477
100.140	448	100.166	475
100.191	448	100.217	475
100.241	448	100.267	475
100.293	449	100.318	475
100.343	447	100.368	475
100.394	448	100.420	476
100.444	448	100.470	476
100.495	448	100.521	477
100.545	449	100.571	480
100.597	449	100.622	481
100.647	448	100.672	482
100.698	448	100.724	483
100.748	449	100.774	485
100.799	447	100.825	486
100.850	450	100.875	486
100.901	448	100.926	487
100.951	448	100.977	487
101.002	448	101.028	487
101.052	448	101.078	487
101.104	449	101.129	487
101.154	448	101.179	484
101.205	449	101.231	484
101.255	448	101.281	483
101.306	448	101.332	481
101.356	448	101.382	480
101.408	448	101.433	479
101.459	448	101.483	478
101.509	448	101.535	477
101.560	448	101.585	476
101.610	449	101.636	477
101.662	448	101.686	476
101.712	449	101.737	476
101.763	449	101.788	477
101.813	448	101.839	475
101.864	449	101.889	479
101.915	448	101.940	480
101.966	449	101.990	480
102.016	449	102.042	480
102.067	448	102.092	483
102.117	449	102.143	483
102.169	448	102.193	485
102.219	448	102.244	485
102.270	449	102.294	486
102.320	449	102.346	486
102.371	449	102.396	485
102.421	448	102.447	485
102.473	448	102.497	484
102.523	447	102.548	484
102.574	449	102.599	483
102.624	448	102.650	482
102.675	448	102.700	480
102.726	448	102.751	481
102.777	448	102.801	478
102.827	448	102.853	478
102.878	449	102.903	477
102.928	449	102.954	477
102.980	448	103.004	476
103.030	448	103.055	476
103.081	448	103.105	477
103.131	448	103.157	477
103.182	448	103.207	477
103.232	448	103.258	479
103.284	448	103.308	482
103.334	448	103.359	480
103.385	448	103.410	481
103.435	448	103.461	482
103.486	448	103.511	483
103.537	449	103.562	484
103.588	448	103.612	483
103.638	448	103.664	485
103.689	448	103.714	486
103.739	449	103.765	486
103.791	449	103.815	485
103.841	447	103.866	483
103.892	447	103.916	484
103.942	448	103.968	482
103.993	449	104.018	481
104.043	448	104.069	481
104.095	448	104.119	479
104.145	448	104.170	479
104.196	448	104.221	478
104.246	448	104.272	478
104.297	448	104.322	478
104.348	447	104.373	477
104.399	448	104.424	477
104.449	448	104.475	478
104.500	449	104.526	478
104.550	449	104.576	479
104.602	448	104.627	480
104.652	448	104.677	480
104.703	449	104.729	482
104.753	448	104.779	481
104.804	449	104.830	482
104.854	448	104.880	481
104.906	448	104.931	484
104.956	448	104.981	484
105.007	447	105.033	484
105.057	448	105.083	484
105.108	449	105.134	485
105.159	448	105.184	484
105.210	448	105.235	484
105.260	448	105.286	483
105.311	448	105.337	482
105.361	449	105.387	481
105.413	448	105.438	481
105.463	449	105.488	481
105.514	449	105.540	479
105.564	448	105.590	479
105.615	449	105.641	480
105.665	448	105.691	478
105.717	449	105.742	479
105.767	449	105.792	478
105.818	448	105.844	478
105.868	448	105.894	479
105.919	449	105.945	479
105.970	449	105.995	480
106.021	449	106.046	481
106.071	449	106.097	481
106.122	448	106.148	482
106.172	450	106.198	482
106.224	448	106.249	484
106.274	449	106.299	484
106.325	449	106.351	484
106.375	448	106.401	483
106.426	449	106.452	483
106.476	448	106.502	483
106.528	448	106.553	482
106.578	449	106.603	482
106.629	449	106.655	482
106.679	448	106.705	482
106.730	448	106.756	481
106.781	448	106.806	481
106.832	448	106.857	480
106.882	449	106.908	480
106.933	449	106.959	479
106.983	448	107.009	479
107.035	449	107.060	479
107.085	448	107.110	479
107.136	448	107.162	479
107.186	448	107.212	480
107.237	447	107.263	480
107.287	448	107.313	479
107.339	448	107.364	480
107.389	448	107.414	480
107.440	448	107.466	482
107.490	448	107.516	482
107.541	448	107.567	482
107.592	448	107.617	483
107.643	448	107.668	483
107.694	448	107.719	483
107.744	448	107.770	483
107.795	449	107.820	482
107.846	448	107.871	483
107.897	448	107.921	482
107.947	449	107.973	482
107.998	448	108.023	482
108.048	449	108.074	480
108.100	448	108.124	481
108.150	449	108.175	480
108.201	449	108.225	479
108.251	448	108.277	480
108.302	448	108.327	480
108.352	448	108.378	481
108.404	448	108.428	480
108.454	448	108.479	479
108.505	448	108.530	480
108.555	449	108.581	480
108.606	449	108.631	480
108.657	449	108.682	481
108.708	448	108.732	481
108.758	449	108.784	481
108.809	448	108.834	483
108.859	448	108.885	483
108.911	448	108.935	482
108.961	448	108.986	483
109.012	449	109.036	482
109.062	449	109.088	483
109.113	448	109.138	483
109.163	448	109.189	482
109.215	448	109.239	482
109.265	448	109.290	481
109.316	448	109.341	481
109.366	449	109.392	481
109.417	449	109.442	481
109.468	449	109.493	480
109.519	448	109.543	480
109.569	448	109.595	481
109.620	447	109.645	480
109.670	448	109.696	480
109.722	448	109.746	480
109.772	448	109.797	481
109.823	448	109.847	480
109.873	448	109.899	479
109.924	448	109.949	481
109.974	448	110.000	481
110.026	449	110.050	481
110.076	448	110.101	481
110.127	449	110.152	481
110.177	450	110.203	482
110.228	448	110.253	482
110.279	448	110.304	482
110.330	449	110.354	482
110.380	448	110.406	483
110.431	448	110.456	482
110.481	449	110.507	483
110.533	449	110.557	482
110.583	449	110.608	483
110.634	448	110.658	481
110.684	448	110.710	481
110.735	448	110.761	480
110.785	449	110.811	480
110.837	449	110.862	480
110.887	448	110.912	481
110.938	447	110.964	480
110.988	448	111.014	481
111.039	448	111.065	480
111.090	448	111.115	481
111.141	449	111.166	480
111.191	448	111.217	480
111.242	449	111.268	482
111.292	448	111.318	481
111.344	448	111.369	482
111.394	448	111.419	482
111.445	448	111.471	481
111.495	449	111.521	482
111.546	449	111.572	482
111.596	449	111.622	482
111.648	448	111.673	482
111.698	448	111.723	482
111.749	449	111.775	482
111.799	448	111.825	481
111.850	448	111.876	481
111.901	448	111.926	481
111.952	448	111.977	481
112.002	448	112.028	482
112.053	449	112.079	480
112.103	449	112.129	481
112.155	448	112.180	480
112.205	448	112.230	480
112.256	448	112.282	480
112.306	448	112.332	481
112.357	447	112.383	480
112.407	450	112.433	481
112.459	448	112.484	481
112.509	448	112.534	481
112.560	448	112.586	483
112.610	448	112.636	481
112.661	449	112.687	480
112.712	449	112.737	482
112.763	448	112.788	482
112.813	448	112.839	482
112.864	449	112.890	481
112.914	449	112.940	482
112.966	448	112.991	482
113.016	448	113.041	480
113.067	450	113.093	481
113.117	449	113.143	481
113.168	449	113.194	482
113.218	449	113.244	481
113.270	448	113.295	482
113.320	447	113.345	481
113.371	448	113.397	481
113.421	448	113.447	481
113.472	448	113.498	480
113.523	449	113.548	480
113.574	448	113.599	480
113.624	449	113.650	480
113.675	447	113.701	481
113.725	448	113.751	481
113.777	448	113.802	481
113.827	449	113.852	481
113.878	449	113.904	481
113.928	449	113.954	482
113.979	449	114.005	483
114.030	448	114.055	482
114.081	449	114.106	482
114.131	448	114.156	481
114.182	448	114.208	482
114.232	449	114.258	482
114.283	449	114.309	482
114.334	448	114.359	482
114.385	449	114.410	482
114.435	449	114.461	481
114.486	449	114.512	481
114.536	449	114.562	481
114.588	448	114.613	481
114.638	448	114.663	481
114.689	448	114.715	480
114.739	448	114.765	479
114.790	448	114.816	481
114.841	448	114.866	481
114.892	448	114.917	481
