#Creator: pendulumviewEventBuffer
#Creation time: Sun Jan 11 01:39:54 2009
#Time A	Pos A	Time B	Pos B
#[s]	[au]	[s]	[au]
0.026	446	0.052	645
0.076	446	0.102	646
0.127	446	0.153	646
0.178	447	0.203	643
0.229	447	0.254	646
0.279	447	0.305	647
0.330	445	0.356	646
0.380	447	0.406	647
0.432	446	0.457	645
0.482	447	0.507	646
0.533	448	0.559	644
0.583	447	0.609	644
0.634	446	0.660	649
0.684	448	0.710	644
0.736	447	0.761	650
0.786	447	0.811	645
0.837	448	0.863	648
0.887	447	0.913	647
0.938	446	0.964	649
0.989	446	1.014	646
1.040	448	1.065	648
1.090	444	1.116	646
1.141	447	1.167	648
1.191	445	1.217	646
1.243	445	1.268	636
1.293	447	1.318	620
1.344	446	1.370	594
1.394	447	1.420	564
1.445	446	1.471	529
1.495	446	1.521	491
1.547	446	1.572	453
1.597	447	1.622	416
1.648	446	1.674	382
1.698	447	1.724	354
1.749	446	1.775	333
1.801	447	1.825	321
1.851	447	1.876	316
1.902	446	1.927	321
1.952	447	1.978	332
2.003	447	2.028	349
2.054	446	2.079	373
2.105	446	2.129	404
2.155	447	2.181	437
2.206	446	2.231	473
2.256	447	2.282	508
2.308	446	2.332	542
2.358	446	2.383	572
2.409	447	2.433	596
2.459	446	2.485	614
2.510	445	2.535	626
2.560	447	2.586	631
2.612	446	2.636	628
2.662	447	2.687	617
2.713	447	2.738	600
2.763	448	2.789	579
2.814	446	2.839	551
2.865	447	2.890	520
2.916	447	2.940	487
2.966	448	2.992	453
3.017	447	3.042	422
3.067	447	3.093	392
3.119	446	3.143	369
3.169	447	3.194	349
3.220	447	3.244	337
3.270	446	3.296	334
3.321	446	3.346	335
3.371	447	3.397	344
3.423	446	3.447	360
3.473	445	3.498	381
3.524	445	3.549	407
3.574	446	3.600	437
3.625	446	3.650	470
3.676	446	3.701	503
3.727	446	3.751	535
3.777	447	3.803	563
3.828	447	3.853	587
3.878	448	3.904	606
3.930	447	3.954	619
3.980	448	4.005	623
4.031	447	4.055	621
4.081	447	4.107	613
4.132	447	4.157	598
4.182	447	4.208	576
4.234	447	4.258	551
4.284	447	4.309	521
4.335	447	4.360	488
4.385	446	4.411	456
4.436	447	4.461	425
4.487	447	4.512	397
4.538	447	4.562	373
4.588	446	4.614	355
4.639	445	4.664	342
4.689	447	4.715	339
4.741	446	4.765	341
4.791	445	4.816	352
4.842	447	4.866	368
4.892	446	4.918	388
4.943	446	4.968	413
4.993	447	5.019	443
5.045	446	5.069	475
5.095	447	5.120	505
5.146	448	5.171	535
5.196	446	5.222	562
5.247	447	5.272	584
5.298	448	5.323	601
5.349	447	5.373	611
5.399	447	5.425	616
5.450	447	5.475	615
5.500	447	5.526	605
5.552	447	5.576	592
5.602	447	5.627	571
5.653	448	5.677	546
5.703	448	5.729	518
5.754	447	5.780	488
5.804	446	5.830	458
5.856	446	5.881	429
5.906	447	5.931	404
5.957	447	5.983	381
6.007	447	6.033	365
6.058	446	6.084	354
6.109	446	6.134	350
6.160	446	6.185	351
6.210	445	6.236	359
6.261	445	6.287	374
6.311	446	6.337	393
6.363	446	6.388	417
6.413	447	6.438	446
6.464	447	6.490	474
6.514	447	6.540	504
6.565	447	6.591	532
6.615	447	6.641	557
6.667	448	6.692	580
6.717	448	6.742	595
6.768	448	6.794	606
6.818	448	6.844	610
6.869	448	6.895	609
6.920	448	6.945	601
6.971	447	6.996	587
7.021	446	7.047	566
7.072	446	7.098	543
7.122	445	7.148	516
7.174	446	7.199	487
7.224	446	7.249	460
7.275	447	7.301	431
7.325	446	7.351	407
7.376	446	7.402	384
7.426	446	7.452	369
7.478	446	7.503	358
7.528	446	7.553	353
7.579	446	7.605	356
7.629	447	7.655	365
7.680	446	7.706	380
7.731	446	7.756	399
7.782	448	7.807	422
7.832	447	7.858	448
7.883	446	7.909	476
7.933	447	7.959	505
7.985	446	8.010	531
8.035	447	8.060	554
8.086	447	8.112	575
8.136	447	8.162	591
8.187	447	8.213	600
8.237	447	8.263	604
8.289	447	8.314	602
8.339	447	8.364	594
8.390	446	8.416	580
8.440	447	8.466	561
8.491	448	8.517	539
8.542	446	8.567	514
8.593	447	8.618	487
8.643	445	8.669	460
8.694	447	8.720	434
8.744	446	8.770	410
8.796	445	8.821	390
8.846	447	8.871	377
8.897	446	8.923	364
8.947	445	8.973	362
8.998	445	9.024	364
9.049	446	9.074	373
9.100	445	9.125	385
9.150	447	9.175	404
9.201	447	9.227	426
9.251	447	9.277	451
9.302	447	9.328	478
9.353	447	9.378	504
9.404	447	9.429	530
9.454	446	9.480	553
9.505	448	9.531	571
9.555	447	9.581	586
9.607	446	9.632	595
9.657	447	9.682	599
9.708	447	9.734	597
9.758	446	9.784	589
9.809	447	9.835	576
9.860	447	9.885	559
9.911	447	9.936	536
9.961	445	9.986	513
10.012	446	10.038	486
10.062	446	10.088	460
10.113	447	10.139	437
10.164	447	10.189	413
10.215	447	10.240	394
10.266	447	10.291	380
10.316	446	10.342	370
10.367	447	10.392	368
10.418	446	10.443	370
10.469	447	10.493	378
10.519	446	10.545	391
10.570	447	10.595	409
10.620	446	10.646	430
10.672	446	10.696	454
10.722	446	10.747	480
10.773	446	10.797	504
10.823	447	10.849	529
10.874	447	10.899	552
10.924	447	10.950	569
10.976	448	11.000	583
11.026	447	11.051	591
11.077	447	11.102	594
11.127	447	11.153	591
11.178	447	11.203	583
11.229	447	11.254	572
11.280	445	11.304	554
11.330	447	11.356	533
11.381	447	11.406	510
11.431	446	11.457	485
11.483	446	11.507	461
11.533	446	11.558	438
11.584	446	11.609	416
11.634	446	11.660	398
11.685	447	11.710	385
11.735	446	11.761	377
11.787	446	11.811	374
11.837	446	11.862	376
11.888	447	11.913	383
11.938	447	11.964	396
11.989	448	12.014	413
12.040	446	12.065	434
12.091	446	12.115	456
12.141	446	12.167	481
12.192	446	12.217	506
12.242	446	12.268	528
12.294	446	12.318	548
12.344	447	12.369	565
12.395	446	12.420	579
12.445	448	12.471	587
12.496	449	12.521	590
12.546	447	12.572	588
12.598	446	12.622	579
12.648	448	12.673	567
12.699	447	12.724	551
12.749	447	12.775	531
12.800	447	12.825	508
12.851	447	12.876	483
12.902	447	12.926	461
12.952	447	12.978	437
13.003	446	13.028	418
13.053	447	13.079	402
13.105	448	13.129	388
13.155	447	13.180	381
13.206	446	13.231	378
13.256	447	13.282	381
13.307	447	13.333	389
13.357	445	13.383	401
13.409	446	13.434	417
13.459	446	13.484	437
13.510	446	13.536	459
13.560	446	13.586	483
13.611	446	13.637	505
13.662	446	13.687	528
13.713	446	13.738	546
13.763	447	13.789	563
13.814	447	13.840	575
13.864	447	13.890	583
13.916	448	13.941	586
13.966	447	13.991	582
14.017	446	14.043	575
14.067	447	14.093	563
14.118	447	14.144	547
14.169	447	14.194	528
14.220	447	14.245	507
14.270	447	14.295	485
14.321	447	14.347	461
14.371	447	14.397	438
14.422	446	14.448	420
14.473	446	14.498	405
14.524	446	14.549	393
14.574	446	14.600	386
14.625	446	14.651	383
14.675	447	14.701	386
14.727	446	14.752	394
14.777	447	14.802	406
14.828	446	14.854	421
14.878	446	14.904	441
14.929	446	14.955	461
14.980	447	15.005	484
15.031	447	15.056	505
15.081	446	15.106	526
15.132	447	15.158	545
15.182	447	15.208	560
15.233	446	15.259	573
15.284	447	15.309	579
15.335	445	15.360	580
15.385	447	15.411	577
15.436	448	15.462	570
15.486	447	15.512	560
15.538	446	15.563	544
15.588	446	15.613	525
15.639	446	15.665	505
15.689	447	15.715	483
15.740	447	15.766	462
15.791	446	15.816	440
15.842	446	15.867	423
15.892	446	15.917	408
15.943	445	15.969	398
15.993	446	16.019	390
16.044	446	16.070	388
16.095	445	16.120	391
16.146	447	16.171	399
16.196	447	16.222	410
16.247	446	16.273	426
16.297	445	16.323	445
16.349	446	16.374	464
16.399	448	16.424	487
16.450	447	16.476	507
16.500	447	16.526	527
16.551	447	16.577	544
16.602	446	16.627	558
16.653	446	16.678	568
16.703	446	16.729	574
16.754	447	16.780	576
16.804	447	16.830	574
16.855	447	16.881	567
16.906	446	16.931	555
16.957	447	16.982	541
17.008	446	17.033	521
17.058	447	17.084	502
17.109	446	17.134	481
17.160	447	17.185	462
17.211	446	17.235	442
17.261	448	17.287	425
17.312	447	17.337	411
17.362	446	17.388	400
17.414	445	17.438	394
17.464	446	17.489	393
17.515	446	17.540	395
17.565	447	17.591	402
17.616	447	17.641	415
17.666	447	17.692	430
17.718	446	17.742	447
17.768	447	17.793	465
17.819	448	17.844	487
17.869	446	17.895	506
17.920	447	17.945	525
17.971	446	17.996	541
18.022	447	18.046	556
18.072	447	18.098	567
18.123	447	18.148	572
18.173	446	18.199	573
18.225	447	18.249	570
18.275	447	18.300	563
18.326	447	18.351	551
18.376	446	18.402	538
18.427	446	18.452	520
18.477	447	18.503	501
18.529	446	18.553	481
18.579	446	18.604	462
18.630	446	18.655	443
18.680	446	18.706	426
18.731	447	18.756	413
18.782	447	18.807	404
18.833	445	18.857	399
18.883	445	18.909	397
18.934	446	18.959	400
18.984	448	19.010	408
19.036	446	19.060	419
19.086	447	19.111	433
19.137	447	19.162	450
19.187	446	19.213	468
19.238	447	19.263	488
19.289	447	19.314	507
19.340	447	19.364	525
19.390	446	19.415	541
19.441	447	19.466	553
19.491	447	19.517	564
19.542	447	19.567	568
19.593	447	19.618	570
19.644	446	19.668	567
19.694	446	19.720	558
19.745	447	19.770	548
19.795	447	19.821	535
19.847	447	19.871	517
19.897	447	19.922	499
19.948	446	19.973	480
19.998	447	20.024	462
20.049	447	20.075	444
20.100	447	20.125	429
20.151	446	20.176	416
20.201	447	20.226	408
20.252	446	20.278	402
20.302	447	20.328	401
20.353	446	20.379	404
20.404	446	20.429	411
20.455	447	20.480	422
20.505	446	20.531	436
20.556	447	20.582	452
20.606	446	20.632	470
20.658	448	20.683	488
20.708	447	20.733	507
20.759	447	20.785	524
20.809	447	20.835	539
20.860	447	20.886	551
20.911	447	20.936	560
20.962	447	20.987	565
21.012	448	21.037	566
21.063	446	21.089	563
21.113	447	21.139	556
21.164	447	21.190	544
21.215	447	21.240	532
21.266	447	21.291	516
21.316	447	21.342	497
21.367	447	21.393	479
21.417	446	21.443	462
21.469	447	21.494	446
21.519	447	21.544	431
21.570	446	21.596	418
21.620	446	21.646	409
21.671	446	21.697	405
21.722	447	21.747	405
21.773	446	21.798	408
21.823	447	21.849	414
21.874	447	21.900	425
21.924	447	21.950	438
21.975	447	22.001	456
22.026	446	22.051	472
22.077	447	22.102	489
22.127	446	22.153	507
22.178	448	22.204	522
22.228	446	22.254	538
22.280	447	22.305	549
22.330	445	22.355	557
22.381	448	22.407	562
22.431	446	22.457	562
22.482	448	22.508	561
22.533	446	22.558	552
22.584	445	22.609	542
22.634	447	22.660	529
22.685	447	22.711	514
22.735	446	22.761	497
22.786	446	22.812	479
22.837	446	22.862	463
22.888	448	22.913	446
22.938	447	22.964	432
22.989	446	23.015	420
23.039	447	23.065	414
23.091	446	23.116	409
23.141	445	23.166	407
23.192	446	23.218	411
23.242	446	23.268	419
23.293	446	23.319	429
23.344	446	23.369	442
23.395	446	23.420	456
23.445	446	23.471	473
23.496	447	23.522	491
23.546	446	23.572	506
23.597	447	23.623	523
23.648	447	23.673	536
23.699	447	23.724	547
23.749	447	23.775	555
23.800	447	23.826	558
23.850	447	23.876	558
23.902	447	23.927	556
23.952	446	23.977	550
24.003	446	24.029	539
24.053	446	24.079	527
24.104	447	24.130	511
24.155	447	24.180	495
24.206	447	24.231	479
24.256	447	24.282	462
24.307	446	24.333	448
24.357	446	24.383	433
24.409	446	24.434	423
24.459	446	24.484	415
24.510	446	24.535	412
24.560	447	24.586	413
24.611	447	24.637	416
24.661	447	24.687	422
24.713	447	24.738	433
24.763	447	24.788	445
24.814	447	24.840	460
24.864	445	24.890	475
24.915	448	24.941	491
24.966	448	24.991	507
25.017	447	25.042	521
25.067	447	25.093	535
25.118	447	25.144	545
25.168	447	25.194	552
25.220	447	25.245	554
25.270	447	25.295	556
25.321	447	25.346	552
25.371	446	25.397	547
25.422	447	25.448	536
25.472	447	25.498	524
25.524	447	25.549	510
25.574	447	25.599	494
25.625	447	25.651	477
25.675	447	25.701	463
25.726	447	25.752	448
25.777	447	25.802	436
25.828	447	25.853	426
25.878	446	25.904	418
25.929	447	25.955	416
25.979	445	26.005	414
26.031	446	26.056	419
26.081	447	26.106	426
26.132	447	26.157	435
26.182	446	26.208	447
26.233	447	26.259	461
26.283	447	26.309	476
26.335	447	26.360	492
26.385	446	26.410	506
26.436	447	26.462	521
26.486	447	26.512	533
26.537	447	26.563	543
26.588	447	26.613	549
26.639	447	26.664	553
26.689	447	26.715	553
26.740	446	26.766	549
26.790	447	26.816	544
26.842	447	26.867	534
26.892	446	26.917	521
26.943	447	26.969	508
26.993	447	27.019	493
27.044	446	27.070	477
27.094	446	27.120	463
27.146	446	27.171	449
27.196	447	27.221	437
27.247	446	27.273	429
27.297	447	27.323	421
27.348	446	27.374	418
27.399	446	27.424	420
27.450	446	27.475	423
27.500	447	27.526	429
27.551	446	27.577	437
27.601	446	27.627	449
27.653	448	27.678	463
27.703	447	27.728	478
27.754	446	27.780	493
27.804	447	27.830	507
27.855	448	27.881	520
27.905	446	27.931	532
27.957	447	27.982	541
28.007	446	28.032	547
28.058	447	28.084	549
28.108	447	28.134	550
28.159	447	28.185	547
28.210	447	28.235	540
28.261	447	28.286	531
28.311	447	28.337	519
28.362	446	28.388	506
28.412	447	28.438	491
28.464	447	28.489	477
28.514	447	28.539	463
28.565	447	28.591	451
28.615	447	28.641	439
28.666	447	28.692	431
28.716	447	28.742	424
28.768	446	28.793	421
28.818	446	28.843	421
28.869	447	28.895	426
28.919	447	28.945	432
28.970	446	28.996	441
29.022	447	29.046	453
29.072	446	29.097	466
29.123	447	29.148	478
29.173	447	29.199	493
29.224	446	29.249	506
29.275	447	29.300	519
29.326	446	29.350	530
29.376	447	29.402	538
29.427	447	29.452	546
29.477	447	29.503	548
29.529	447	29.553	548
29.579	447	29.604	543
29.630	447	29.654	537
29.680	447	29.706	528
29.731	448	29.756	517
29.781	447	29.807	504
29.833	447	29.857	491
29.883	446	29.908	477
29.934	447	29.959	463
29.984	446	30.010	451
30.035	446	30.060	440
30.086	447	30.111	433
30.137	446	30.161	427
30.187	447	30.213	424
30.238	446	30.263	424
30.288	447	30.314	428
30.340	446	30.364	434
30.390	447	30.415	443
30.441	448	30.465	455
30.491	447	30.517	467
30.542	445	30.567	480
30.592	447	30.618	495
30.644	447	30.668	508
30.694	448	30.719	519
30.745	446	30.770	529
30.795	446	30.821	537
30.846	447	30.871	543
30.897	447	30.922	545
30.948	447	30.972	545
30.998	447	31.024	541
31.049	447	31.074	534
31.099	446	31.125	526
31.151	446	31.175	515
31.201	446	31.226	503
31.252	447	31.276	489
31.302	447	31.328	477
31.353	446	31.378	464
31.403	448	31.429	452
31.455	446	31.479	443
31.505	446	31.530	435
31.556	447	31.581	429
31.606	447	31.632	427
31.657	447	31.682	428
31.708	446	31.733	431
31.759	447	31.783	438
31.809	447	31.835	446
31.860	447	31.885	457
31.910	446	31.936	470
31.962	446	31.986	481
32.012	447	32.037	494
32.063	447	32.087	506
32.113	447	32.139	520
32.164	446	32.190	528
32.214	447	32.240	536
32.266	447	32.291	542
32.316	446	32.341	542
32.367	447	32.393	542
32.417	447	32.443	538
32.468	447	32.494	532
32.519	446	32.544	523
32.570	447	32.595	514
32.620	447	32.646	500
32.671	447	32.697	488
32.721	446	32.747	476
32.773	448	32.798	464
32.823	447	32.848	453
32.874	446	32.900	443
32.924	446	32.950	436
32.975	447	33.001	432
33.025	446	33.051	429
33.077	446	33.102	431
33.127	446	33.152	434
33.178	447	33.204	440
33.228	446	33.254	449
33.279	448	33.305	458
33.330	448	33.355	470
33.381	447	33.406	482
33.431	447	33.457	495
33.482	447	33.508	507
33.532	446	33.558	518
33.584	447	33.609	527
33.634	447	33.659	533
33.685	447	33.711	538
33.735	447	33.761	539
33.786	446	33.812	541
33.836	447	33.862	535
33.888	447	33.913	530
33.938	447	33.963	520
33.989	446	34.015	510
34.039	446	34.065	498
34.090	447	34.116	488
34.141	445	34.166	476
34.192	447	34.217	464
34.242	447	34.268	453
34.293	447	34.319	445
34.343	447	34.369	439
34.395	446	34.420	434
34.445	447	34.470	431
34.496	447	34.522	433
34.546	446	34.572	437
34.597	447	34.623	443
34.647	446	34.673	451
34.699	446	34.724	461
34.749	447	34.774	471
34.800	447	34.826	483
34.850	445	34.876	495
34.901	446	34.927	507
34.952	447	34.977	516
35.003	446	35.028	525
35.053	447	35.079	532
35.104	446	35.130	536
35.154	447	35.180	537
35.206	447	35.231	536
35.256	446	35.281	532
35.307	447	35.333	527
35.357	447	35.383	518
35.408	447	35.434	509
35.458	447	35.484	498
35.510	447	35.535	487
35.560	447	35.585	476
35.611	446	35.637	464
35.661	447	35.687	455
35.712	446	35.738	446
35.763	447	35.788	440
35.814	447	35.839	436
35.865	446	35.890	435
35.915	446	35.941	435
35.966	447	35.991	441
36.017	447	36.042	445
36.068	447	36.092	453
36.118	447	36.144	463
36.169	447	36.194	473
36.219	447	36.245	485
36.271	446	36.295	496
36.321	447	36.346	507
36.372	446	36.396	516
36.422	446	36.448	525
36.473	447	36.498	529
36.523	446	36.549	533
36.575	446	36.599	535
36.625	447	36.650	535
36.676	447	36.701	531
36.726	447	36.752	525
36.777	447	36.802	518
36.828	447	36.853	508
36.879	447	36.903	496
36.929	447	36.955	485
36.980	446	37.005	474
37.030	446	37.056	464
37.082	447	37.106	456
37.132	447	37.157	448
37.183	446	37.207	442
37.233	446	37.259	438
37.284	447	37.309	437
37.334	445	37.360	438
37.386	447	37.410	442
37.436	446	37.461	447
37.487	447	37.512	455
37.537	446	37.563	465
37.588	447	37.613	475
37.639	447	37.664	485
37.690	447	37.714	497
37.740	446	37.766	506
37.791	447	37.816	515
37.841	447	37.867	523
37.893	447	37.917	528
37.943	447	37.968	532
37.994	446	38.018	532
38.044	446	38.070	532
38.095	448	38.120	528
38.145	448	38.171	523
38.197	447	38.221	515
38.247	447	38.272	506
38.298	446	38.323	495
38.348	447	38.374	485
38.399	447	38.424	476
38.450	446	38.475	464
38.501	447	38.525	457
38.551	447	38.577	449
38.602	446	38.627	443
38.652	447	38.678	441
38.704	446	38.728	440
38.754	446	38.779	441
38.805	446	38.829	444
38.855	447	38.881	450
38.906	447	38.932	458
38.956	446	38.982	467
39.008	446	39.033	476
39.058	446	39.083	486
39.109	447	39.135	496
39.159	447	39.185	507
39.210	447	39.236	514
39.261	446	39.286	521
39.312	447	39.337	526
39.362	447	39.388	530
39.413	446	39.439	530
39.463	447	39.489	529
39.515	448	39.540	526
39.565	448	39.590	520
39.616	448	39.642	513
39.666	447	39.692	504
39.717	447	39.743	493
39.767	446	39.793	484
39.819	446	39.844	474
39.869	447	39.894	466
39.920	447	39.946	458
39.970	446	39.996	450
40.021	447	40.047	445
40.072	446	40.097	443
40.123	447	40.148	442
40.173	447	40.199	444
40.224	446	40.250	447
40.274	447	40.300	453
40.326	446	40.351	460
40.376	447	40.401	469
40.427	448	40.453	477
40.477	447	40.503	488
40.528	447	40.554	496
40.578	446	40.604	505
40.630	447	40.655	513
40.680	447	40.705	520
40.731	446	40.757	525
40.781	448	40.807	528
40.832	447	40.858	528
40.883	447	40.908	527
40.934	447	40.959	524
40.984	448	41.010	518
41.035	447	41.061	510
41.085	446	41.111	502
41.137	447	41.162	493
41.187	447	41.212	485
41.238	447	41.264	475
41.288	447	41.314	466
41.339	446	41.365	458
41.389	447	41.415	452
41.441	447	41.466	447
41.491	447	41.516	444
41.542	447	41.568	444
41.592	446	41.618	446
41.643	447	41.669	448
41.694	447	41.719	455
41.745	447	41.770	461
41.795	447	41.821	470
41.846	447	41.872	479
41.896	447	41.922	487
41.948	447	41.973	497
41.998	446	42.023	505
42.049	447	42.075	513
42.099	447	42.125	518
42.150	446	42.176	523
42.201	448	42.226	525
42.252	446	42.277	527
42.302	446	42.327	524
42.353	446	42.379	521
42.403	447	42.429	516
42.454	447	42.480	508
42.505	448	42.530	500
42.556	447	42.581	493
42.606	446	42.632	483
42.657	447	42.683	475
42.707	447	42.733	464
42.759	447	42.784	459
42.809	447	42.834	453
42.860	447	42.886	449
42.910	446	42.936	447
42.961	447	42.987	447
43.012	447	43.037	447
43.063	446	43.088	451
43.113	447	43.138	458
43.164	447	43.190	463
43.214	447	43.240	472
43.265	447	43.291	478
43.316	447	43.341	489
43.367	447	43.392	496
43.418	447	43.443	505
43.468	448	43.494	512
43.519	446	43.544	517
43.570	446	43.595	521
43.621	447	43.645	524
43.671	446	43.697	524
43.722	448	43.747	523
43.772	447	43.798	519
43.824	447	43.848	513
43.874	447	43.899	508
43.925	447	43.949	499
43.975	447	44.001	491
44.026	447	44.051	482
44.076	446	44.102	474
44.128	447	44.152	466
44.178	447	44.203	460
44.229	446	44.254	455
44.279	446	44.305	450
44.330	447	44.355	449
44.381	446	44.406	448
44.432	446	44.456	450
44.482	446	44.508	453
44.533	447	44.558	458
44.583	447	44.609	465
44.635	446	44.659	473
44.685	447	44.710	479
44.736	447	44.761	489
44.786	446	44.812	496
44.837	447	44.862	505
44.887	447	44.913	510
44.939	448	44.963	516
44.989	446	45.014	520
45.040	447	45.065	522
45.090	446	45.116	519
45.141	445	45.166	521
45.192	447	45.217	517
45.243	446	45.267	512
45.293	447	45.319	506
45.344	447	45.369	497
45.394	447	45.420	491
45.446	446	45.470	481
45.496	446	45.521	475
45.547	447	45.572	467
45.597	447	45.623	461
45.648	448	45.673	456
45.698	448	45.724	453
45.750	446	45.774	451
45.800	447	45.825	451
45.851	446	45.876	453
45.901	446	45.927	456
45.952	447	45.977	461
46.003	447	46.028	467
46.054	446	46.078	475
46.104	447	46.130	480
46.155	446	46.180	489
46.205	446	46.231	497
46.257	447	46.281	504
46.307	447	46.332	509
46.358	447	46.383	514
46.408	447	46.434	518
46.459	447	46.485	519
46.509	447	46.535	520
46.561	447	46.586	517
46.611	447	46.636	515
46.662	447	46.688	510
46.712	447	46.738	503
46.763	446	46.789	496
46.814	447	46.839	489
46.865	447	46.890	481
46.915	447	46.941	474
46.966	447	46.992	468
47.016	448	47.042	462
47.068	447	47.093	458
47.118	446	47.143	454
47.169	446	47.195	452
47.219	447	47.245	453
47.270	447	47.296	455
47.321	446	47.346	459
47.372	445	47.397	463
47.422	447	47.447	467
47.473	446	47.499	476
47.523	447	47.549	483
47.574	448	47.600	489
47.625	446	47.650	496
47.676	447	47.701	504
47.726	447	47.752	509
47.777	446	47.803	513
47.827	446	47.853	516
47.879	447	47.904	518
47.929	447	47.954	519
47.980	447	48.006	515
48.030	447	48.056	513
48.081	447	48.107	507
48.132	447	48.157	502
48.183	447	48.208	495
48.233	446	48.258	488
48.284	447	48.310	481
48.334	447	48.360	474
48.385	446	48.411	468
48.436	446	48.461	462
48.487	446	48.512	459
48.537	447	48.563	455
48.588	446	48.614	455
48.638	446	48.664	455
48.690	447	48.715	458
48.740	447	48.765	459
48.791	446	48.817	467
48.841	447	48.867	470
48.892	446	48.918	477
48.943	447	48.968	483
48.994	447	49.019	490
49.044	446	49.069	497
49.095	447	49.121	503
49.145	447	49.171	508
49.196	446	49.222	512
49.247	447	49.272	516
49.298	446	49.323	515
49.348	447	49.374	516
49.399	448	49.425	513
49.449	447	49.475	510
49.501	447	49.526	506
49.551	447	49.576	500
49.602	446	49.628	493
49.652	447	49.678	488
49.703	447	49.729	481
49.754	447	49.779	474
49.805	446	49.830	468
49.855	448	49.881	464
49.906	446	49.932	460
49.956	446	49.982	457
50.007	447	50.033	456
50.058	447	50.083	458
50.109	446	50.134	459
50.160	447	50.185	462
50.210	447	50.236	467
50.261	446	50.286	472
50.312	447	50.337	478
50.363	447	50.387	485
50.413	447	50.439	491
50.464	446	50.489	497
50.514	447	50.540	502
50.566	447	50.590	507
50.616	447	50.641	511
50.667	447	50.692	513
50.717	447	50.743	514
50.768	447	50.793	514
50.818	446	50.844	512
50.870	447	50.894	507
50.920	447	50.945	504
50.971	447	50.996	498
51.021	446	51.047	493
51.072	448	51.097	486
51.123	447	51.148	481
51.174	446	51.198	475
51.224	447	51.250	468
51.275	447	51.300	464
51.325	446	51.351	461
51.377	447	51.401	459
51.427	447	51.452	459
51.478	446	51.503	459
51.528	446	51.554	462
51.579	446	51.604	463
51.629	447	51.655	467
51.681	446	51.705	473
51.731	447	51.756	480
51.782	447	51.807	484
51.832	447	51.858	491
51.883	446	51.908	497
51.934	447	51.959	502
51.985	446	52.009	506
52.035	447	52.061	509
52.086	447	52.111	512
52.136	446	52.162	512
52.188	448	52.212	511
52.238	447	52.263	510
52.289	446	52.314	506
52.339	447	52.365	502
52.390	447	52.415	497
52.441	446	52.466	491
52.492	447	52.516	485
52.542	447	52.567	479
52.593	447	52.618	474
52.643	447	52.669	470
52.694	447	52.719	466
52.745	448	52.770	462
52.796	448	52.820	461
52.846	447	52.872	460
52.897	447	52.922	462
52.947	447	52.973	463
52.999	446	53.023	466
53.049	447	53.074	470
53.100	446	53.125	475
53.150	448	53.176	481
53.201	447	53.227	486
53.252	447	53.277	492
53.303	447	53.328	496
53.353	447	53.378	502
53.404	446	53.430	505
53.454	448	53.480	507
53.505	446	53.531	511
53.556	447	53.581	510
53.607	446	53.632	510
53.657	447	53.683	507
53.708	447	53.734	504
53.758	446	53.784	501
53.810	448	53.835	495
53.860	447	53.885	492
53.911	447	53.937	485
53.961	446	53.987	480
54.012	447	54.038	475
54.063	446	54.088	470
54.114	446	54.139	466
54.164	447	54.189	464
54.215	448	54.241	461
54.265	447	54.291	462
54.316	447	54.342	463
54.367	446	54.392	465
54.418	446	54.443	468
54.468	447	54.494	472
54.519	446	54.545	477
54.569	447	54.595	481
54.621	447	54.646	487
54.671	447	54.696	492
54.722	447	54.748	497
54.772	447	54.798	501
54.823	447	54.849	504
54.874	447	54.899	507
54.925	446	54.950	508
54.975	447	55.001	509
55.026	447	55.052	508
55.076	447	55.102	505
55.127	448	55.153	501
55.178	446	55.203	499
55.229	447	55.254	495
55.279	447	55.305	489
55.330	447	55.356	484
55.380	446	55.406	479
55.432	448	55.457	474
55.482	447	55.507	470
55.533	446	55.559	467
55.583	447	55.609	466
55.634	447	55.660	463
55.685	447	55.710	464
55.736	446	55.761	465
55.786	447	55.812	466
55.837	447	55.863	470
55.887	448	55.913	474
55.938	447	55.964	479
55.989	447	56.014	482
56.040	447	56.065	487
56.090	447	56.116	492
56.141	446	56.167	497
56.191	446	56.217	499
56.243	446	56.268	504
56.293	446	56.318	505
56.344	446	56.370	508
56.394	447	56.420	507
56.445	447	56.471	506
56.496	447	56.521	503
56.547	447	56.572	501
56.597	446	56.623	497
56.648	447	56.674	492
56.698	447	56.724	488
56.749	448	56.775	484
56.800	446	56.825	480
56.851	447	56.876	475
56.901	447	56.927	471
56.952	446	56.978	468
57.002	447	57.028	466
57.054	447	57.079	465
57.104	445	57.129	466
57.155	447	57.181	467
57.205	447	57.231	469
57.256	446	57.282	471
57.307	446	57.332	475
57.358	447	57.383	479
57.408	447	57.434	483
57.459	446	57.485	488
57.509	446	57.535	491
57.561	447	57.586	496
57.611	448	57.636	500
57.662	447	57.687	503
57.712	447	57.738	503
57.763	447	57.789	505
57.813	447	57.839	505
57.865	447	57.890	503
57.915	447	57.940	501
57.966	447	57.992	499
58.016	447	58.042	495
58.067	447	58.093	491
58.118	448	58.143	487
58.169	447	58.194	483
58.219	447	58.245	479
58.270	447	58.296	475
58.320	446	58.346	472
58.372	447	58.397	470
58.422	447	58.447	469
58.473	447	58.498	468
58.523	447	58.549	468
58.574	446	58.600	469
58.624	447	58.650	471
58.676	446	58.701	474
58.726	446	58.751	477
58.777	447	58.803	480
58.827	446	58.853	483
58.878	446	58.904	488
58.929	446	58.954	492
58.980	446	59.005	495
59.030	446	59.056	500
59.081	447	59.107	502
59.131	447	59.157	503
59.183	446	59.208	503
59.233	447	59.258	503
59.284	448	59.309	502
59.334	447	59.360	500
59.385	446	59.411	497
59.435	446	59.461	494
59.487	449	59.512	491
59.537	447	59.562	486
59.588	447	59.614	483
59.638	447	59.664	479
59.689	447	59.715	475
59.740	446	59.765	473
59.791	446	59.816	470
59.841	446	59.867	470
59.892	446	59.918	469
59.942	446	59.968	470
59.994	446	60.019	471
60.044	447	60.069	472
60.095	447	60.121	474
60.145	447	60.171	478
60.196	446	60.222	482
60.246	448	60.272	485
60.298	447	60.323	490
60.348	447	60.373	491
60.399	447	60.425	495
60.449	447	60.475	498
60.500	448	60.526	501
60.551	446	60.576	501
60.602	447	60.627	501
60.652	446	60.678	501
60.703	447	60.729	500
60.753	446	60.779	497
60.805	446	60.830	496
60.855	447	60.880	493
60.906	448	60.932	488
60.956	447	60.982	486
61.007	447	61.033	482
61.057	447	61.083	478
61.109	447	61.134	476
61.159	446	61.184	473
61.210	446	61.236	471
61.260	447	61.286	471
61.311	446	61.337	471
61.362	447	61.387	471
61.413	446	61.438	472
61.463	446	61.489	475
61.514	447	61.540	477
61.564	446	61.590	480
61.616	447	61.641	484
61.666	446	61.691	486
61.717	447	61.743	489
61.767	447	61.793	492
61.818	447	61.844	495
61.868	446	61.894	497
61.920	447	61.945	497
61.970	447	61.995	500
62.021	448	62.047	500
62.071	445	62.097	500
62.122	446	62.148	497
62.173	446	62.198	495
62.224	447	62.249	493
62.274	445	62.300	491
62.325	447	62.351	488
62.375	447	62.401	485
62.427	447	62.452	483
62.477	448	62.502	479
62.528	446	62.554	476
62.578	447	62.604	475
62.629	447	62.655	473
62.679	447	62.705	473
62.731	447	62.756	472
62.782	445	62.806	474
62.832	448	62.858	475
62.883	448	62.908	476
62.933	447	62.959	478
62.985	447	63.009	481
63.035	447	63.060	484
63.086	446	63.111	487
63.136	448	63.162	491
63.187	447	63.212	493
63.238	448	63.263	494
63.289	447	63.313	496
63.339	447	63.365	497
63.390	447	63.415	498
63.440	446	63.466	498
63.492	446	63.516	498
63.542	446	63.567	496
63.593	446	63.617	495
63.643	448	63.669	492
63.694	447	63.719	490
63.744	448	63.770	486
63.796	447	63.820	484
63.846	447	63.871	482
63.897	448	63.922	480
63.947	446	63.973	477
63.998	447	64.023	476
64.049	447	64.074	474
64.100	448	64.124	474
64.150	446	64.176	474
64.201	447	64.226	475
64.251	447	64.277	476
64.303	447	64.327	478
64.353	446	64.378	480
64.404	447	64.428	481
64.454	447	64.480	485
64.505	447	64.530	487
64.555	446	64.581	489
64.607	447	64.631	493
64.657	447	64.682	495
64.708	447	64.733	496
64.758	446	64.784	496
64.809	447	64.834	497
64.860	447	64.885	496
64.911	447	64.935	495
64.961	446	64.987	494
65.012	447	65.037	493
65.062	447	65.088	491
65.114	446	65.138	489
65.164	447	65.189	485
65.215	446	65.239	484
65.265	447	65.291	481
65.316	447	65.341	478
65.366	447	65.392	476
65.418	447	65.442	476
65.468	447	65.493	475
65.519	448	65.544	475
65.569	446	65.595	475
65.620	447	65.645	476
65.671	446	65.696	478
65.722	447	65.747	480
65.772	447	65.798	482
65.823	447	65.849	483
65.873	446	65.899	485
65.925	446	65.950	488
65.975	446	66.000	491
66.026	446	66.052	492
66.076	447	66.102	494
66.127	447	66.153	495
66.177	446	66.203	495
66.229	448	66.254	496
66.279	447	66.304	495
66.330	447	66.356	494
66.380	447	66.406	494
66.431	448	66.457	492
66.482	446	66.507	489
66.533	447	66.558	488
66.583	447	66.609	486
66.634	447	66.660	483
66.684	446	66.710	481
66.736	447	66.761	480
66.786	447	66.811	478
66.837	447	66.863	477
66.887	446	66.913	476
66.938	447	66.964	476
66.988	446	67.014	477
67.040	445	67.065	478
67.090	447	67.115	480
67.141	447	67.167	481
67.191	447	67.217	483
67.242	447	67.268	484
67.293	447	67.318	488
67.344	448	67.369	489
67.394	446	67.420	489
67.445	447	67.471	492
67.495	446	67.521	493
67.547	447	67.572	494
67.597	447	67.622	493
67.648	447	67.674	494
67.698	447	67.724	494
67.749	447	67.775	492
67.799	447	67.825	490
67.851	446	67.876	490
67.901	447	67.926	488
67.952	447	67.978	486
68.002	447	68.028	485
68.053	447	68.079	482
68.104	447	68.129	481
68.155	447	68.180	479
68.205	446	68.231	478
68.256	447	68.282	478
68.306	447	68.332	478
68.358	447	68.383	478
68.408	445	68.433	479
68.459	447	68.485	480
68.509	446	68.535	480
68.560	447	68.586	483
68.610	447	68.636	483
68.662	447	68.687	486
68.712	446	68.737	487
68.763	445	68.789	487
68.813	446	68.839	490
68.864	447	68.890	491
68.915	447	68.940	493
68.966	447	68.991	494
69.017	448	69.042	494
69.067	447	69.093	491
69.118	447	69.143	493
69.169	447	69.194	491
69.220	447	69.244	489
69.270	446	69.296	489
69.321	447	69.346	486
69.371	447	69.397	485
69.423	447	69.447	484
69.473	446	69.498	483
69.524	446	69.548	481
69.574	447	69.600	480
69.625	447	69.650	479
69.675	447	69.701	479
69.727	446	69.751	479
69.777	447	69.802	480
69.828	447	69.853	480
69.878	447	69.904	482
69.929	448	69.954	483
69.980	447	70.005	484
70.031	447	70.055	484
70.081	447	70.107	486
70.132	447	70.157	488
70.182	447	70.208	490
70.234	446	70.258	490
70.284	447	70.309	490
70.335	447	70.359	492
70.385	446	70.411	491
70.436	447	70.461	492
70.486	447	70.512	491
70.538	447	70.562	490
70.588	446	70.613	489
70.639	447	70.664	488
70.689	446	70.715	487
70.740	447	70.765	486
70.791	447	70.816	485
70.842	447	70.866	481
70.892	448	70.918	483
70.943	447	70.968	481
70.993	447	71.019	481
71.045	445	71.069	481
71.095	447	71.120	480
71.146	446	71.170	481
71.196	446	71.222	480
71.247	447	71.272	482
71.297	447	71.323	482
71.349	447	71.373	484
71.399	446	71.424	484
71.450	447	71.475	486
71.500	447	71.526	487
71.551	448	71.576	490
71.602	447	71.627	490
71.653	447	71.677	490
71.703	446	71.729	491
71.754	447	71.779	491
71.804	447	71.830	490
71.856	448	71.880	490
71.906	447	71.931	490
71.957	446	71.981	489
72.007	447	72.033	489
72.058	446	72.084	487
72.108	447	72.134	487
72.160	447	72.185	485
72.210	446	72.235	484
72.261	447	72.287	482
72.311	446	72.337	483
72.362	447	72.388	482
72.413	446	72.438	482
72.464	448	72.489	480
72.514	448	72.540	481
72.565	446	72.591	481
72.615	447	72.641	482
72.667	447	72.692	484
72.717	448	72.742	484
72.768	447	72.794	485
72.818	447	72.844	486
72.869	447	72.895	487
72.919	447	72.945	487
72.971	446	72.996	489
73.021	447	73.046	488
73.072	447	73.098	490
73.122	447	73.148	490
73.173	448	73.199	490
73.224	446	73.249	490
73.275	446	73.300	490
73.325	448	73.351	489
73.376	447	73.402	488
73.426	448	73.452	487
73.478	446	73.503	485
73.528	446	73.553	484
73.579	446	73.605	485
73.629	446	73.655	484
73.680	447	73.706	483
73.730	446	73.756	482
73.782	446	73.807	482
73.832	448	73.857	482
73.883	447	73.909	483
73.933	448	73.959	482
73.984	447	74.010	483
74.035	447	74.060	484
74.086	447	74.111	484
74.136	447	74.162	485
74.187	447	74.213	486
74.237	447	74.263	488
74.289	446	74.314	488
74.339	447	74.364	489
74.390	446	74.416	488
74.440	447	74.466	490
74.491	447	74.517	490
74.541	447	74.567	489
74.593	446	74.618	489
74.643	446	74.668	489
74.694	447	74.720	488
74.744	446	74.770	488
74.795	447	74.821	486
74.846	446	74.871	486
74.897	447	74.922	486
74.947	447	74.973	485
74.998	447	75.024	483
75.048	446	75.074	483
75.100	447	75.125	483
75.150	447	75.175	482
75.201	447	75.227	483
75.251	447	75.277	482
75.302	447	75.328	483
75.353	447	75.378	484
75.404	446	75.429	484
75.454	446	75.479	484
75.505	446	75.531	485
75.555	447	75.581	487
75.606	447	75.632	489
75.657	447	75.682	486
75.708	447	75.733	489
75.758	447	75.784	489
75.809	447	75.835	489
75.859	446	75.885	489
75.911	448	75.936	488
75.961	446	75.986	489
76.012	447	76.038	488
76.062	447	76.088	487
76.113	447	76.139	486
76.164	446	76.189	486
76.215	447	76.240	485
76.265	447	76.290	485
76.316	448	76.342	484
76.366	447	76.392	484
76.417	447	76.443	484
76.468	447	76.493	483
76.519	446	76.544	483
76.570	447	76.595	483
76.620	448	76.646	484
76.671	446	76.696	484
76.722	447	76.747	484
76.773	447	76.797	485
76.823	447	76.849	485
76.874	448	76.899	487
76.924	447	76.950	487
76.976	447	77.000	487
77.026	446	77.051	487
77.077	447	77.101	487
77.127	447	77.153	488
77.178	447	77.203	487
77.228	448	77.254	489
77.280	448	77.304	488
77.330	446	77.355	488
77.381	446	77.406	488
77.431	447	77.457	487
77.482	447	77.507	486
77.533	448	77.558	486
77.584	446	77.608	485
77.634	447	77.660	484
77.685	447	77.710	484
77.735	446	77.761	484
77.787	447	77.811	483
77.837	447	77.862	483
77.888	446	77.913	482
77.938	446	77.964	484
77.989	447	78.014	484
78.039	446	78.065	484
78.091	447	78.115	484
78.141	447	78.166	485
78.192	447	78.217	486
78.242	447	78.268	488
78.293	447	78.318	487
78.344	447	78.369	486
78.395	447	78.419	487
78.445	446	78.471	488
78.496	447	78.521	488
78.546	447	78.572	488
78.598	447	78.622	487
78.648	448	78.673	488
78.699	446	78.724	487
78.749	447	78.775	487
78.800	447	78.825	486
78.850	446	78.876	486
78.902	447	78.926	485
78.952	447	78.977	485
79.003	446	79.028	486
79.053	446	79.079	484
79.104	446	79.129	484
79.155	447	79.180	483
79.206	446	79.230	483
79.256	447	79.282	484
79.307	447	79.332	484
79.357	447	79.383	484
79.409	448	79.433	485
79.459	447	79.484	485
79.510	447	79.535	485
79.560	447	79.586	486
79.611	447	79.637	487
79.661	447	79.687	485
79.713	447	79.738	488
79.763	447	79.788	487
79.814	447	79.840	488
79.864	447	79.890	488
79.915	448	79.941	488
79.966	447	79.991	487
80.017	446	80.042	487
80.067	446	80.093	487
80.118	447	80.144	487
80.168	447	80.194	486
80.220	446	80.245	486
80.270	447	80.295	484
80.321	446	80.347	485
80.371	447	80.397	484
80.422	447	80.448	484
80.473	445	80.498	484
80.524	447	80.549	484
80.574	447	80.599	484
80.625	447	80.651	483
80.675	447	80.701	485
80.726	448	80.752	485
80.777	448	80.802	484
80.828	448	80.853	486
80.878	447	80.904	486
80.929	446	80.955	486
80.979	447	81.005	487
81.031	446	81.056	487
81.081	447	81.106	487
81.132	447	81.158	487
81.182	447	81.208	487
81.233	447	81.259	488
81.284	446	81.309	487
81.335	447	81.360	488
81.385	448	81.410	487
81.436	446	81.462	486
81.486	448	81.512	486
81.537	447	81.563	486
81.588	447	81.613	486
81.639	447	81.664	485
81.689	447	81.715	485
81.740	447	81.766	485
81.790	446	81.816	484
81.842	447	81.867	486
81.892	447	81.917	484
81.943	446	81.969	484
81.993	447	82.019	485
82.044	447	82.070	485
82.095	447	82.120	485
82.146	446	82.171	486
82.196	446	82.221	485
82.247	447	82.273	486
82.297	447	82.323	487
82.348	447	82.374	486
82.399	447	82.424	487
82.450	447	82.475	487
82.500	446	82.526	487
82.551	447	82.577	486
82.601	447	82.627	486
82.653	448	82.678	487
82.703	446	82.728	487
82.754	446	82.780	486
82.804	448	82.830	486
82.855	446	82.881	486
82.906	447	82.931	486
82.957	447	82.982	485
83.007	447	83.033	485
83.058	447	83.084	485
83.108	447	83.134	485
83.159	447	83.185	484
83.210	447	83.235	484
83.261	447	83.286	484
83.312	448	83.337	484
83.362	448	83.388	484
83.413	447	83.438	486
83.464	447	83.489	486
83.515	447	83.539	486
83.565	447	83.591	487
83.616	446	83.641	486
83.666	448	83.692	486
83.718	446	83.742	486
83.768	447	83.793	487
83.819	446	83.844	486
83.869	446	83.895	486
83.920	446	83.945	488
83.970	446	83.996	486
84.022	446	84.046	487
84.072	446	84.097	487
84.123	448	84.148	487
84.173	447	84.199	485
84.224	448	84.249	485
84.275	447	84.300	486
84.326	447	84.350	486
84.376	447	84.402	485
84.427	446	84.452	485
84.477	447	84.503	486
84.529	447	84.553	484
84.579	447	84.604	485
84.630	447	84.655	483
84.680	447	84.706	486
84.731	447	84.756	485
84.781	447	84.807	485
84.833	447	84.857	486
84.883	446	84.908	486
84.934	446	84.959	486
84.984	448	85.010	486
85.035	447	85.060	487
85.086	446	85.111	487
85.137	447	85.161	487
85.187	447	85.213	487
85.238	447	85.263	487
85.288	447	85.314	486
