#Creator: tempmonitorEventBuffer
#Creation time: Thu Nov 17 11:40:47 2022
#Time 0	Temp A0	Time 1	Temp A1
#[s]	[deg C]	[s]	[deg C]
0.250	31.07	0.500	38.00
0.751	31.17	1.001	38.12
1.251	31.28	1.501	38.12
1.752	31.28	2.002	38.12
2.253	31.28	2.503	38.12
2.754	31.39	3.003	38.12
3.254	31.28	3.504	38.12
3.755	31.28	4.005	38.12
4.256	31.39	4.506	38.12
4.756	31.49	5.006	38.12
5.256	31.49	5.507	38.12
5.757	31.39	6.008	38.12
6.258	31.49	6.509	38.12
6.758	31.39	7.009	38.12
7.259	31.49	7.510	38.12
7.760	31.49	8.011	38.12
8.261	31.49	8.512	38.00
8.761	31.49	9.012	38.00
9.262	31.71	9.513	38.00
9.763	31.60	10.014	38.00
10.264	31.60	10.513	38.12
10.764	31.60	11.014	38.12
11.265	31.71	11.515	38.12
11.766	31.60	12.016	38.12
12.267	31.71	12.516	38.12
12.767	31.71	13.017	38.12
13.268	31.71	13.518	38.12
13.769	31.71	14.019	38.12
14.270	31.71	14.519	38.12
14.770	31.60	15.020	38.00
15.271	31.71	15.521	38.12
15.772	31.82	16.022	38.12
16.272	31.82	16.522	38.12
16.772	31.71	17.023	38.12
17.273	31.71	17.524	38.12
17.774	31.71	18.025	38.12
18.274	31.71	18.525	38.12
18.775	31.82	19.026	38.24
19.276	31.82	19.527	38.24
19.777	31.71	20.027	38.24
20.277	31.71	20.528	38.24
20.778	31.71	21.029	38.24
21.279	31.82	21.530	38.24
21.780	31.82	22.030	38.24
22.280	31.82	22.530	38.24
22.781	31.82	23.031	38.24
23.282	31.82	23.532	38.36
23.782	31.82	24.032	38.36
24.283	31.82	24.533	38.36
24.784	31.82	25.034	38.36
25.285	31.82	25.535	38.36
25.785	31.82	26.035	38.24
26.286	31.82	26.536	38.24
26.787	31.82	27.037	38.36
27.288	31.82	27.537	38.36
27.788	31.82	28.038	38.36
28.289	31.82	28.539	38.36
28.789	31.82	29.040	38.36
29.290	31.82	29.540	38.36
29.790	31.82	30.041	38.36
30.291	31.82	30.542	38.47
30.792	31.92	31.043	38.47
31.292	31.82	31.543	38.47
31.793	31.82	32.044	38.12
32.294	31.82	32.545	37.76
32.795	31.60	33.046	37.41
33.295	31.60	33.546	37.18
33.796	31.49	34.047	37.29
34.297	31.49	34.547	37.29
34.798	31.49	35.048	37.29
35.298	31.39	35.548	37.29
35.799	31.28	36.049	37.29
36.300	31.28	36.550	37.18
36.801	31.28	37.050	37.29
37.301	31.28	37.551	37.29
37.802	31.28	38.052	37.18
38.303	31.28	38.553	37.18
38.804	31.17	39.053	37.18
39.304	31.17	39.554	37.18
39.805	31.17	40.055	37.18
40.306	31.17	40.556	37.18
40.805	31.07	41.056	37.18
41.306	31.07	41.557	37.18
41.807	31.07	42.058	37.18
42.308	31.07	42.559	37.18
42.808	31.07	43.059	37.18
43.309	31.07	43.560	37.18
43.810	31.07	44.061	37.18
44.311	31.07	44.561	37.41
44.811	30.96	45.062	37.18
45.312	30.96	45.563	37.18
45.813	30.96	46.064	37.18
46.314	30.96	46.564	37.18
46.814	30.96	47.064	37.18
47.315	30.96	47.565	37.18
47.816	30.96	48.066	37.18
48.316	30.96	48.566	37.29
48.817	30.96	49.067	37.29
49.318	30.96	49.568	37.29
49.819	30.96	50.069	37.29
50.319	30.96	50.569	37.29
50.820	30.96	51.070	37.29
51.321	30.85	51.571	37.29
51.822	30.96	52.072	37.29
52.322	30.96	52.572	37.29
52.822	30.96	53.073	37.29
53.323	30.85	53.574	37.29
53.824	30.85	54.074	37.29
54.324	30.96	54.575	37.29
54.825	30.96	55.076	37.29
55.326	30.96	55.577	37.29
55.827	30.85	56.077	37.29
56.327	30.85	56.578	37.29
56.828	30.96	57.079	37.29
57.329	30.85	57.580	37.29
57.829	30.85	58.080	37.18
58.330	30.85	58.581	37.18
58.831	30.85	59.081	37.29
59.332	30.96	59.582	37.18
59.832	30.85	60.082	36.94
60.333	30.64	60.583	36.71
60.834	30.64	61.084	36.48
61.335	30.75	61.584	36.36
61.835	30.75	62.085	36.25
62.336	30.75	62.586	36.25
62.837	30.75	63.087	36.13
63.338	30.64	63.587	36.13
63.838	30.64	64.088	36.13
64.339	30.64	64.589	36.13
64.840	30.64	65.090	36.13
65.339	30.64	65.590	36.13
65.840	30.64	66.091	36.13
66.341	30.64	66.592	36.13
66.842	30.64	67.093	36.02
67.342	30.64	67.593	36.02
67.843	30.64	68.094	35.90
68.344	30.64	68.595	36.02
68.845	30.64	69.096	35.90
69.345	30.64	69.596	36.02
69.846	30.64	70.097	35.90
70.347	30.64	70.598	35.90
70.848	30.64	71.097	35.90
71.348	30.64	71.598	35.90
71.849	30.64	72.099	36.02
72.350	30.64	72.600	35.90
72.851	30.64	73.100	35.90
73.351	30.64	73.601	35.90
73.852	30.64	74.102	35.90
74.353	30.64	74.603	35.90
74.853	30.64	75.103	35.90
75.354	30.64	75.604	35.90
75.855	30.64	76.105	36.02
76.356	30.64	76.606	35.90
76.856	30.64	77.106	35.90
77.357	30.64	77.607	35.90
77.857	30.64	78.108	35.90
78.358	30.64	78.608	35.90
78.858	30.64	79.109	35.90
79.359	30.64	79.610	36.02
79.860	30.75	80.111	36.02
80.361	30.64	80.611	36.02
80.861	30.75	81.112	36.02
81.362	30.75	81.613	36.02
81.863	30.64	82.114	35.90
82.363	30.64	82.614	35.90
82.864	30.75	83.115	35.90
83.365	30.53	83.615	35.67
83.866	30.43	84.116	35.44
84.366	30.32	84.616	35.33
84.867	30.32	85.117	35.22
85.368	30.22	85.618	35.10
85.869	30.22	86.118	35.22
86.369	30.22	86.619	35.10
86.870	30.11	87.120	34.99
87.371	30.11	87.621	34.87
87.872	30.22	88.121	34.87
88.372	30.01	88.622	34.87
88.873	30.11	89.123	34.87
89.374	30.01	89.624	34.87
89.873	30.01	90.124	34.87
90.374	30.01	90.625	34.76
90.875	30.01	91.126	34.76
91.376	29.90	91.627	34.76
91.876	29.90	92.127	34.76
92.377	29.90	92.628	34.76
92.878	29.90	93.129	34.76
93.379	29.79	93.630	34.53
93.879	29.90	94.130	34.65
94.380	29.79	94.631	34.65
94.881	29.79	95.132	34.65
95.382	29.79	95.631	34.65
95.882	29.79	96.132	34.65
96.383	29.69	96.633	34.65
96.884	29.69	97.134	34.65
97.385	29.69	97.634	34.65
97.885	29.58	98.135	34.65
98.386	29.69	98.636	34.53
98.887	29.69	99.137	34.65
99.387	29.58	99.637	34.65
99.888	29.58	100.138	34.65
100.389	29.58	100.639	34.65
100.890	29.58	101.140	34.65
101.390	29.58	101.640	34.65
101.890	29.58	102.141	34.65
102.391	29.58	102.642	34.65
102.892	29.48	103.142	34.65
103.392	29.48	103.643	34.65
103.893	29.58	104.144	34.65
104.394	29.48	104.645	34.65
104.895	29.48	105.145	34.65
105.395	29.48	105.646	34.87
105.896	29.48	106.147	34.53
106.397	29.37	106.648	34.65
106.897	29.48	107.148	34.65
107.398	29.27	107.649	34.53
107.899	29.27	108.150	34.31
108.400	29.27	108.650	34.19
108.900	29.27	109.150	33.97
109.401	29.27	109.651	33.86
109.902	29.16	110.152	33.86
110.403	29.06	110.652	33.74
110.903	29.06	111.153	33.74
111.404	29.06	111.654	33.63
111.905	28.95	112.155	33.63
112.406	29.06	112.655	33.52
112.906	28.95	113.156	33.52
113.407	28.85	113.657	33.52
113.908	28.95	114.158	33.52
114.409	28.95	114.658	33.41
114.908	28.85	115.159	33.41
115.409	28.95	115.660	33.52
115.910	28.95	116.161	33.41
116.410	28.95	116.661	33.41
116.911	28.85	117.162	33.30
117.412	28.85	117.663	33.41
117.913	28.85	118.164	33.41
118.413	28.85	118.664	33.30
118.914	28.85	119.165	33.41
119.415	28.85	119.666	33.30
119.916	28.85	120.166	33.30
120.416	28.85	120.666	33.30
120.917	28.85	121.167	33.30
121.418	28.85	121.668	33.30
121.919	28.85	122.168	33.30
122.419	29.16	122.669	33.30
122.920	28.85	123.170	33.30
123.421	28.85	123.671	33.30
123.921	28.85	124.171	33.30
124.422	28.85	124.672	33.30
124.923	28.85	125.173	33.30
125.424	28.85	125.674	33.19
125.924	28.85	126.174	33.19
126.425	28.75	126.675	33.19
126.925	28.75	127.176	33.19
127.426	28.85	127.676	33.19
127.926	28.75	128.177	33.19
128.427	28.75	128.678	33.19
128.928	28.75	129.179	33.19
129.429	28.75	129.679	33.19
129.929	28.75	130.180	33.07
130.430	28.75	130.681	33.19
130.931	28.64	131.182	33.07
131.432	28.64	131.682	32.74
131.932	28.54	132.183	32.52
132.433	28.54	132.683	32.30
132.934	28.43	133.184	31.97
133.434	28.43	133.684	31.86
133.935	28.54	134.185	31.64
134.436	28.43	134.686	31.64
134.937	28.43	135.187	31.64
135.437	28.43	135.687	31.64
135.938	28.43	136.188	31.75
136.439	28.54	136.689	31.64
136.940	28.43	137.189	31.75
137.440	28.43	137.690	31.75
137.941	28.43	138.191	31.75
138.442	28.43	138.692	31.75
138.943	28.33	139.192	31.75
139.442	28.33	139.693	31.75
139.943	28.33	140.194	31.75
140.444	28.33	140.695	31.86
140.944	28.33	141.195	31.86
141.445	28.33	141.696	31.86
141.946	28.33	142.197	31.86
142.447	28.33	142.698	31.75
142.947	28.33	143.198	31.75
143.448	28.23	143.699	31.75
143.949	28.23	144.200	31.86
144.450	28.33	144.700	31.86
144.950	28.33	145.201	31.75
145.451	28.33	145.701	31.86
145.952	28.23	146.202	31.75
146.453	28.23	146.702	31.75
146.953	28.23	147.203	31.75
147.454	28.33	147.704	31.86
147.955	28.43	148.205	31.86
148.456	28.33	148.705	31.86
148.956	28.33	149.206	31.97
149.457	28.33	149.707	31.86
149.958	28.33	150.208	31.86
150.458	28.43	150.708	31.86
150.959	28.23	151.209	31.86
151.460	28.33	151.710	31.97
151.960	28.33	152.211	31.97
152.460	28.33	152.711	31.86
152.961	28.33	153.212	31.86
153.462	28.23	153.713	31.86
153.963	28.23	154.213	31.86
154.463	28.23	154.714	31.97
154.964	28.33	155.215	31.97
155.465	28.33	155.716	31.97
155.966	28.54	156.216	31.97
156.466	28.23	156.717	31.97
156.967	28.23	157.218	31.97
157.468	28.23	157.719	31.86
157.968	28.23	158.218	31.86
158.469	28.23	158.719	31.64
158.970	28.12	159.220	31.42
159.471	28.12	159.721	31.31
159.971	28.02	160.221	31.20
160.472	28.02	160.722	31.20
160.973	27.92	161.223	31.20
161.474	28.12	161.723	31.09
161.974	27.81	162.224	31.09
162.475	27.81	162.725	30.98
162.976	27.81	163.226	30.98
163.477	27.71	163.726	30.98
163.977	27.71	164.227	30.98
164.478	27.71	164.728	30.98
164.978	27.60	165.229	30.87
165.478	27.60	165.729	30.98
165.979	27.60	166.230	30.87
166.480	27.60	166.731	30.87
166.981	27.60	167.232	30.87
167.481	27.50	167.732	30.87
167.982	27.50	168.233	30.87
168.483	27.50	168.734	30.87
168.984	27.50	169.235	30.87
169.484	27.50	169.735	30.87
169.985	27.40	170.236	30.87
170.486	27.40	170.737	30.87
170.987	27.40	171.236	30.87
171.487	27.30	171.737	30.87
171.988	27.40	172.238	30.98
172.489	27.30	172.739	30.65
172.990	27.30	173.239	30.98
173.490	27.30	173.740	30.87
173.991	27.30	174.241	30.87
174.492	27.30	174.742	30.87
174.992	27.40	175.242	30.87
175.493	27.30	175.743	30.87
175.994	27.30	176.244	30.87
176.495	27.19	176.745	30.87
176.995	27.19	177.245	30.76
177.495	27.19	177.746	30.87
177.996	27.19	178.247	30.87
178.497	27.19	178.747	30.87
178.997	27.19	179.248	30.87
179.498	27.09	179.749	30.87
179.999	27.19	180.250	30.87
180.500	27.09	180.750	30.87
181.000	27.09	181.251	30.87
181.501	27.09	181.752	30.87
182.002	27.09	182.253	30.87
182.502	27.09	182.753	30.87
183.003	27.09	183.254	30.87
183.504	26.99	183.754	30.87
184.005	27.09	184.255	30.76
184.505	26.99	184.755	30.76
185.006	27.09	185.256	30.87
185.507	27.09	185.757	30.87
186.008	27.30	186.257	30.76
186.508	27.19	186.758	30.55
187.009	27.19	187.259	30.33
187.510	27.19	187.760	30.33
188.011	27.19	188.260	30.22
188.511	27.30	188.761	30.11
189.012	27.30	189.262	30.00
189.513	27.30	189.763	30.00
190.014	27.30	190.263	29.90
190.513	27.30	190.764	29.90
191.014	27.30	191.265	29.90
191.515	27.40	191.766	29.90
192.015	27.40	192.266	29.90
192.516	27.40	192.767	29.79
193.017	27.40	193.268	29.79
193.518	27.40	193.769	29.79
194.018	27.40	194.269	29.79
194.519	27.50	194.770	29.79
195.020	27.50	195.271	29.57
195.521	27.50	195.771	29.68
196.021	27.40	196.272	29.68
196.522	27.50	196.772	29.68
197.023	27.40	197.273	29.79
197.524	27.40	197.773	29.68
198.024	27.50	198.274	29.79
198.525	27.50	198.775	29.68
199.026	27.50	199.276	29.68
199.526	27.50	199.776	29.68
200.027	27.50	200.277	29.79
200.528	27.50	200.778	29.68
201.029	27.50	201.279	29.68
201.529	27.50	201.779	29.68
202.030	27.50	202.280	29.68
202.531	27.50	202.781	29.57
203.031	27.50	203.281	29.57
203.531	27.60	203.782	29.57
204.032	27.50	204.283	29.57
204.533	27.60	204.784	29.57
205.034	27.50	205.284	29.57
205.534	27.60	205.785	29.47
206.035	27.60	206.286	29.57
206.536	27.60	206.787	29.57
207.036	27.60	207.287	29.57
207.537	27.60	207.788	29.57
208.038	27.60	208.289	29.47
208.539	27.60	208.789	29.57
209.039	27.60	209.289	29.57
209.540	27.71	209.790	29.57
210.041	27.71	210.291	29.57
210.542	27.71	210.792	29.57
211.042	27.60	211.292	29.47
211.543	27.60	211.793	29.57
212.044	27.60	212.294	29.47
212.545	27.60	212.794	29.47
213.045	27.71	213.295	29.47
213.546	27.71	213.796	29.47
214.047	27.60	214.297	29.47
214.548	27.60	214.797	29.47
215.047	27.60	215.298	29.47
215.548	27.60	215.799	29.47
216.049	27.60	216.300	29.47
216.549	27.60	216.800	29.47
217.050	27.60	217.301	29.47
217.551	27.60	217.802	29.47
218.052	27.71	218.303	29.47
218.552	27.71	218.803	29.47
219.053	27.60	219.304	29.47
219.554	27.60	219.805	29.47
220.055	27.50	220.305	29.47
220.555	27.50	220.805	29.47
221.056	27.40	221.306	29.47
221.557	27.40	221.807	29.36
222.058	27.40	222.307	29.14
222.558	27.40	222.808	29.04
223.059	27.40	223.309	28.93
223.560	27.30	223.810	28.82
224.060	27.30	224.310	28.82
224.561	27.30	224.811	28.82
225.062	27.30	225.312	28.82
225.563	27.19	225.813	28.82
226.063	27.30	226.313	28.71
226.564	27.19	226.814	28.71
227.064	27.19	227.315	28.82
227.565	27.19	227.816	28.71
228.065	27.40	228.316	28.71
228.566	27.19	228.817	28.71
229.067	27.19	229.318	28.61
229.568	27.19	229.818	28.61
230.068	27.19	230.319	28.61
230.569	27.19	230.820	28.61
231.070	27.19	231.321	28.61
231.571	27.19	231.821	28.50
232.071	27.09	232.322	28.61
232.572	27.09	232.823	28.50
233.073	27.19	233.323	28.50
233.573	27.19	233.823	28.50
234.074	27.19	234.324	28.50
234.575	27.19	234.825	28.50
235.076	27.19	235.326	28.39
235.576	27.19	235.826	28.39
236.077	27.19	236.327	28.50
236.578	27.19	236.828	28.61
237.079	27.19	237.328	28.39
237.579	27.19	237.829	28.39
238.080	27.19	238.330	28.39
238.581	27.19	238.831	28.50
239.082	27.19	239.331	28.18
239.581	27.09	239.832	28.39
240.082	27.09	240.333	28.39
240.583	27.19	240.834	28.39
241.083	27.19	241.334	28.39
241.584	27.19	241.835	28.39
242.085	27.19	242.336	28.39
242.586	27.19	242.837	28.39
243.086	27.19	243.337	28.50
243.587	27.19	243.838	28.39
244.088	27.19	244.339	28.39
244.589	27.19	244.840	28.39
245.089	27.19	245.340	28.39
245.590	27.19	245.840	28.39
246.091	27.19	246.341	28.29
246.592	27.19	246.841	28.39
247.092	27.19	247.342	28.39
247.593	27.19	247.843	28.39
248.094	27.19	248.344	28.29
248.595	27.19	248.844	28.39
249.095	27.19	249.345	28.29
249.596	27.09	249.846	28.29
250.097	27.19	250.347	28.39
250.597	27.19	250.847	28.29
251.098	27.19	251.348	28.29
251.598	27.19	251.849	28.29
252.099	27.19	252.350	28.18
252.599	27.19	252.850	28.18
253.100	27.09	253.351	28.29
253.601	27.19	253.852	28.29
254.102	27.09	254.352	28.29
254.602	27.30	254.853	28.29
255.103	27.19	255.354	28.29
255.604	26.99	255.855	28.29
256.105	26.88	256.355	28.29
256.605	26.88	256.856	28.29
257.106	26.78	257.357	28.18
257.607	26.78	257.857	28.18
258.107	26.68	258.357	27.97
258.608	26.68	258.858	27.97
259.109	26.68	259.359	27.86
259.610	26.58	259.860	27.76
260.110	26.58	260.360	27.76
260.611	26.58	260.861	27.76
261.112	26.58	261.362	27.76
261.613	26.58	261.862	27.65
262.113	26.58	262.363	27.65
262.614	26.47	262.864	27.54
263.115	26.37	263.365	27.54
263.616	26.47	263.865	27.54
264.116	26.47	264.366	27.54
264.616	26.47	264.867	27.44
265.117	26.47	265.368	27.44
265.617	26.37	265.868	27.44
266.118	26.37	266.369	27.44
266.619	26.37	266.870	27.33
267.120	26.37	267.371	27.33
267.620	26.37	267.871	27.33
268.121	26.37	268.372	27.33
268.622	26.27	268.873	27.33
269.123	26.27	269.374	27.33
269.623	26.27	269.874	27.33
270.124	26.27	270.375	27.33
270.625	26.27	270.875	27.33
271.126	26.27	271.375	27.23
271.626	25.76	271.876	27.23
272.127	26.27	272.377	27.23
272.628	26.27	272.878	27.23
273.129	26.27	273.378	27.23
273.629	26.27	273.879	27.23
274.130	26.27	274.380	27.23
274.631	26.27	274.881	27.23
275.131	26.27	275.381	27.23
275.632	26.27	275.882	27.23
276.132	26.27	276.383	27.23
276.633	26.27	276.884	27.23
277.133	26.27	277.384	27.02
277.634	26.17	277.885	27.12
278.135	26.27	278.386	27.23
278.636	26.27	278.886	27.12
279.136	26.17	279.387	27.12
279.637	25.96	279.888	27.12
280.138	26.07	280.389	27.02
280.639	25.96	280.889	26.91
281.139	26.07	281.390	26.80
281.640	25.96	281.891	26.70
282.141	26.07	282.391	26.70
282.641	25.96	282.891	26.59
283.142	25.96	283.392	26.59
283.643	25.96	283.893	26.59
284.144	25.96	284.394	26.59
284.644	25.96	284.894	26.59
285.145	25.96	285.395	26.49
285.646	25.96	285.896	26.59
286.147	25.96	286.396	26.17
286.647	25.96	286.897	26.49
287.148	25.96	287.398	26.38
287.648	25.96	287.899	26.49
288.149	25.96	288.399	26.38
288.649	25.86	288.900	26.28
289.150	25.96	289.401	26.28
289.651	25.96	289.902	26.28
290.152	25.96	290.402	26.28
290.652	25.96	290.903	26.28
291.153	25.86	291.404	26.17
291.654	25.96	291.905	26.17
292.154	25.96	292.405	26.17
292.655	26.27	292.906	26.17
293.156	25.86	293.407	26.17
293.657	25.86	293.907	26.17
294.157	25.86	294.407	26.17
294.658	25.96	294.908	26.17
295.159	25.96	295.409	26.07
295.660	25.96	295.909	26.07
296.160	25.86	296.410	26.07
296.661	25.86	296.911	26.07
297.162	25.86	297.412	26.07
297.663	25.86	297.912	25.96
298.163	25.86	298.413	26.07
298.664	25.96	298.914	26.07
299.165	25.96	299.415	25.96
299.665	25.86	299.915	25.96
300.166	25.96	300.416	25.96
300.666	25.86	300.917	25.86
301.167	25.86	301.418	25.96
301.667	25.86	301.918	25.96
302.168	25.86	302.419	25.96
302.669	25.96	302.920	25.86
303.170	25.86	303.420	25.96
303.670	25.86	303.921	25.96
304.171	25.86	304.422	25.86
304.672	25.86	304.923	25.86
305.173	25.96	305.423	25.86
305.673	25.86	305.924	25.86
306.174	25.96	306.424	25.86
306.675	25.86	306.925	25.86
307.176	25.96	307.425	25.86
307.676	25.86	307.926	25.75
308.177	25.96	308.427	25.86
308.678	25.96	308.928	25.86
309.178	25.96	309.428	25.86
309.679	25.86	309.929	25.75
310.180	25.86	310.430	25.75
310.681	25.76	310.931	25.75
311.181	25.66	311.431	25.75
311.682	25.76	311.932	25.75
312.183	25.66	312.433	25.65
312.683	25.56	312.933	25.55
313.183	25.56	313.434	25.44
313.684	25.56	313.935	25.23
314.185	25.56	314.436	25.13
314.686	25.25	314.936	24.92
315.186	25.46	315.437	24.92
315.687	25.46	315.938	25.02
316.188	25.46	316.439	24.81
316.688	25.46	316.939	24.81
317.189	25.46	317.440	24.71
317.690	25.35	317.941	24.81
318.191	25.46	318.441	24.71
318.691	25.35	318.941	24.71
319.192	25.35	319.442	24.71
319.693	25.35	319.943	24.61
320.194	25.35	320.443	24.61
320.694	25.25	320.944	24.61
321.195	25.35	321.445	24.61
321.696	25.25	321.946	24.61
322.197	25.25	322.446	24.61
322.697	25.25	322.947	24.61
323.198	25.35	323.448	24.61
323.699	25.25	323.949	24.61
324.200	25.25	324.449	24.50
324.699	25.25	324.950	24.50
325.200	25.15	325.451	24.50
325.701	25.25	325.952	24.61
326.201	25.25	326.452	24.50
326.702	25.25	326.953	24.50
327.203	25.05	327.454	24.50
327.704	25.15	327.955	24.61
328.204	25.25	328.455	24.50
328.705	25.15	328.956	24.61
329.206	25.15	329.457	24.50
329.707	25.25	329.957	24.50
330.207	25.25	330.458	24.50
330.708	25.15	330.958	24.50
331.209	25.15	331.459	24.50
331.710	25.15	331.959	24.50
332.210	25.15	332.460	24.50
332.711	25.15	332.961	24.50
333.212	25.05	333.462	24.50
333.712	25.15	333.962	24.50
334.213	25.15	334.463	24.50
334.714	25.05	334.964	24.50
335.215	25.15	335.465	24.50
335.715	25.05	335.965	24.50
336.216	25.05	336.466	24.50
336.716	25.15	336.967	24.50
337.217	25.05	337.467	24.50
337.717	25.05	337.968	24.61
338.218	25.05	338.469	24.50
338.719	24.95	338.970	24.50
339.220	24.95	339.470	24.40
339.720	24.95	339.971	24.50
340.221	24.85	340.472	24.40
340.722	25.05	340.973	24.40
341.222	24.85	341.473	24.30
341.723	24.85	341.974	24.19
342.224	24.75	342.475	24.19
342.725	24.75	342.975	24.19
343.225	24.75	343.475	24.09
343.726	24.75	343.976	24.09
344.227	24.75	344.477	24.09
344.728	24.75	344.977	24.09
345.228	24.75	345.478	23.98
345.729	24.65	345.979	23.98
346.230	24.65	346.480	23.98
346.731	24.75	346.980	23.98
347.231	24.75	347.481	23.98
347.732	24.65	347.982	23.98
348.233	24.65	348.483	23.88
348.734	24.75	348.983	23.88
349.233	24.65	349.484	23.88
349.734	24.75	349.985	23.78
350.235	25.05	350.486	23.78
350.735	24.65	350.986	23.78
351.236	24.65	351.487	23.78
351.737	24.65	351.988	23.78
352.238	24.65	352.489	23.78
352.738	24.95	352.989	23.78
353.239	24.65	353.490	23.78
353.740	24.65	353.991	23.67
354.241	24.65	354.491	23.67
354.741	24.65	354.992	23.67
355.242	24.65	355.492	23.67
355.743	24.65	355.993	23.67
356.244	24.65	356.493	23.67
356.744	24.55	356.994	23.67
357.245	24.65	357.495	23.67
357.746	24.65	357.996	23.57
358.246	24.65	358.496	23.57
358.747	24.65	358.997	23.67
359.248	24.65	359.498	23.57
359.749	24.65	359.999	23.67
360.249	24.65	360.499	23.57
360.750	24.65	361.000	23.57
361.251	24.65	361.501	23.57
361.751	24.65	362.001	23.57
362.251	24.65	362.502	23.57
362.752	24.65	363.003	23.47
363.253	24.65	363.504	23.47
363.754	24.55	364.004	23.47
364.254	24.65	364.505	23.47
364.755	24.65	365.006	23.47
365.256	24.65	365.507	23.47
365.756	24.65	366.007	23.47
366.257	24.65	366.508	23.47
366.758	24.65	367.009	23.47
367.259	24.65	367.509	23.36
367.759	24.65	368.009	23.47
368.260	24.65	368.510	23.47
368.761	24.55	369.011	23.47
369.262	24.55	369.512	23.47
369.762	24.55	370.012	23.36
370.263	24.44	370.513	23.36
370.764	24.44	371.014	23.26
371.265	24.44	371.514	23.26
371.765	24.55	372.015	23.16
372.266	24.44	372.516	23.16
372.767	24.44	373.017	23.16
373.268	24.44	373.517	23.05
373.767	24.44	374.018	23.05
374.268	24.44	374.519	22.95
374.769	24.44	375.020	22.95
375.269	24.44	375.520	22.95
375.770	24.44	376.021	22.95
376.271	24.14	376.522	22.95
376.772	24.44	377.023	22.85
377.272	24.34	377.523	22.85
377.773	24.44	378.024	22.85
378.274	24.44	378.525	22.85
378.775	24.44	379.025	22.74
379.275	24.34	379.525	22.74
379.776	24.44	380.026	22.64
380.277	24.44	380.527	22.74
380.778	24.55	381.027	22.74
381.278	24.55	381.528	22.64
381.779	24.44	382.029	22.64
382.280	24.55	382.530	22.64
382.780	24.44	383.030	22.64
383.281	24.44	383.531	22.54
383.782	24.44	384.032	22.54
384.283	24.44	384.533	22.54
384.783	24.34	385.033	22.54
385.284	24.44	385.534	22.54
385.784	24.44	386.035	22.43
386.285	24.44	386.536	22.43
386.785	24.44	387.036	22.43
387.286	24.55	387.537	22.33
387.787	24.44	388.038	22.43
388.288	24.55	388.538	22.33
388.788	24.44	389.039	22.33
389.289	24.44	389.540	22.64
389.790	24.44	390.041	22.33
390.291	24.44	390.541	22.33
390.791	24.44	391.042	22.23
391.292	24.44	391.543	22.23
391.793	24.44	392.043	22.23
392.293	24.44	392.543	22.23
392.794	24.44	393.044	22.23
393.295	24.44	393.545	22.13
393.796	24.44	394.046	22.23
394.296	24.44	394.546	22.13
394.797	24.44	395.047	22.13
395.298	24.55	395.548	22.13
395.799	24.44	396.048	22.13
396.299	24.44	396.549	22.13
396.800	24.44	397.050	22.13
397.301	24.44	397.551	22.13
397.802	24.34	398.051	22.13
398.301	24.44	398.552	22.13
398.802	24.34	399.053	22.13
399.303	24.24	399.554	22.23
399.803	24.24	400.054	22.23
400.304	24.24	400.555	22.13
400.805	24.14	401.056	22.13
401.306	24.14	401.557	22.13
401.806	24.14	402.057	22.02
402.307	24.14	402.558	22.02
402.808	24.14	403.059	21.92
403.309	24.04	403.560	21.92
403.809	24.04	404.060	21.82
404.310	24.04	404.560	21.82
404.811	24.14	405.061	21.92
405.312	24.04	405.561	21.71
405.812	24.04	406.062	21.71
406.313	24.04	406.563	21.61
406.814	24.04	407.064	21.61
407.315	24.04	407.564	21.61
407.815	24.04	408.065	21.61
408.316	24.04	408.566	21.61
408.817	23.94	409.067	21.51
409.317	23.94	409.567	21.51
409.818	24.04	410.068	21.51
410.318	24.04	410.569	21.51
410.819	24.04	411.070	21.41
411.319	24.04	411.570	21.41
411.820	24.04	412.071	21.41
412.321	24.04	412.572	21.41
412.822	24.04	413.072	21.30
413.322	24.04	413.573	21.30
413.823	24.04	414.074	21.30
414.324	24.04	414.575	21.30
414.825	24.04	415.075	21.30
415.325	24.04	415.576	21.20
415.826	24.04	416.077	21.30
416.327	24.04	416.577	21.20
416.827	23.94	417.077	21.20
417.328	23.94	417.578	21.20
417.829	24.04	418.079	21.20
418.330	23.94	418.580	21.10
418.830	24.24	419.080	21.10
419.331	24.04	419.581	21.20
419.832	23.94	420.082	21.20
420.333	24.04	420.582	21.20
420.833	24.04	421.083	21.10
421.334	23.94	421.584	21.00
421.835	23.94	422.085	21.00
422.336	24.04	422.585	21.10
422.836	24.04	423.086	21.00
423.336	24.04	423.587	21.00
423.837	24.04	424.088	21.00
424.337	24.04	424.588	21.00
424.838	24.04	425.089	21.00
425.339	24.04	425.590	20.89
425.840	24.04	426.091	21.00
426.340	24.04	426.591	20.89
426.841	24.04	427.092	20.89
427.342	24.04	427.593	21.00
427.843	24.04	428.094	20.89
428.343	24.04	428.594	20.89
428.844	24.04	429.095	20.89
429.345	24.04	429.595	20.89
429.846	24.04	430.095	20.89
430.346	24.04	430.596	20.89
430.847	23.94	431.097	20.89
431.348	24.04	431.598	21.00
431.849	24.04	432.098	20.89
432.349	24.04	432.599	20.89
432.850	24.04	433.100	20.89
433.351	24.04	433.601	20.89
433.851	23.94	434.101	20.79
434.352	24.04	434.602	20.79
434.852	23.94	435.103	20.79
435.353	23.94	435.604	20.79
435.853	23.84	436.104	20.79
436.354	23.84	436.605	20.79
436.855	23.84	437.106	20.79
437.356	23.84	437.606	20.79
437.856	23.74	438.107	20.79
438.357	23.74	438.608	20.79
438.858	23.64	439.109	20.79
439.359	23.74	439.609	20.69
439.859	23.64	440.110	20.69
440.360	23.64	440.611	20.79
440.861	23.64	441.111	20.79
441.361	23.64	441.611	20.79
441.862	23.64	442.112	20.69
442.363	23.54	442.613	20.79
442.864	23.54	443.114	20.79
443.364	23.54	443.614	20.79
443.865	23.64	444.115	20.79
444.366	23.54	444.616	20.79
444.867	23.54	445.116	20.69
445.367	23.44	445.617	20.69
445.868	23.54	446.118	20.79
446.368	23.54	446.619	20.79
446.869	23.54	447.119	20.79
447.369	23.44	447.620	20.79
447.870	23.44	448.121	20.69
448.371	23.44	448.622	20.69
448.872	23.44	449.122	20.69
449.372	23.44	449.623	20.79
449.873	23.44	450.124	20.69
450.374	23.44	450.625	20.79
450.874	23.44	451.125	20.79
451.375	23.34	451.626	20.69
451.876	23.44	452.127	20.79
452.377	23.34	452.627	20.79
452.877	23.44	453.127	20.69
453.378	23.34	453.628	20.79
453.879	23.34	454.129	20.69
454.380	23.54	454.629	20.69
454.880	23.34	455.130	20.69
455.381	23.34	455.631	20.69
455.882	23.34	456.132	20.69
456.383	23.34	456.632	20.69
456.883	23.34	457.133	20.69
457.384	23.34	457.634	20.69
457.885	23.24	458.135	20.69
458.385	23.14	458.635	20.69
458.886	23.14	459.136	20.79
459.386	23.14	459.637	20.79
459.887	23.04	460.138	20.69
460.387	22.94	460.638	20.79
460.888	22.84	461.139	20.69
461.389	22.64	461.640	20.79
461.890	22.94	462.140	20.69
462.390	22.54	462.641	20.69
462.891	22.64	463.142	20.79
463.392	22.54	463.643	20.69
463.893	22.44	464.143	20.69
464.393	22.54	464.644	20.69
464.894	22.34	465.144	20.69
465.395	22.44	465.645	20.69
465.896	22.44	466.145	20.69
466.396	22.54	466.646	20.69
466.897	22.34	467.147	20.79
467.398	22.54	467.648	20.69
467.898	22.54	468.148	20.79
468.399	22.54	468.649	20.69
468.900	22.54	469.150	20.69
469.401	22.64	469.651	20.69
469.901	22.54	470.151	20.69
470.402	22.54	470.652	20.69
470.903	22.64	471.153	20.79
471.403	22.64	471.653	20.69
471.903	22.64	472.154	20.69
472.404	22.64	472.655	20.69
472.905	22.64	473.156	20.69
473.406	22.54	473.656	20.69
473.906	22.64	474.157	20.69
474.407	22.64	474.658	20.69
474.908	22.74	475.159	20.69
475.408	22.64	475.659	20.79
475.909	22.64	476.160	20.69
476.410	22.64	476.661	20.69
476.911	22.64	477.161	20.79
477.411	22.74	477.661	20.69
477.912	22.64	478.162	20.69
478.413	22.64	478.663	20.59
478.914	22.64	479.163	20.69
479.414	22.74	479.664	20.69
479.915	22.74	480.165	20.69
480.416	22.64	480.666	20.69
480.917	22.64	481.166	20.69
481.417	22.64	481.667	20.69
481.918	22.64	482.168	20.69
482.419	22.54	482.669	20.69
482.920	22.64	483.169	20.69
483.419	22.64	483.670	20.69
483.920	22.64	484.171	20.69
484.421	22.64	484.672	20.69
484.921	22.64	485.172	20.69
485.422	22.64	485.673	20.69
485.923	22.64	486.174	20.69
486.424	22.64	486.675	20.69
486.924	22.54	487.175	20.69
487.425	22.64	487.676	20.69
487.926	22.74	488.177	20.69
488.427	22.64	488.677	20.69
488.927	22.54	489.178	20.69
489.428	22.64	489.678	20.69
489.929	22.64	490.179	20.59
490.430	22.64	490.679	20.69
490.930	22.74	491.180	20.69
491.431	22.64	491.681	20.69
491.932	22.54	492.182	20.59
492.432	22.44	492.682	20.59
492.933	22.44	493.183	20.69
493.434	22.34	493.684	20.69
493.935	22.34	494.185	20.69
494.435	22.14	494.685	20.59
494.936	22.04	495.186	20.69
495.436	21.84	495.687	20.69
495.937	21.74	496.187	20.69
496.437	21.84	496.688	20.69
496.938	21.74	497.189	20.69
497.439	21.84	497.690	20.69
497.940	21.74	498.190	20.69
498.440	21.84	498.691	20.69
498.941	21.84	499.192	20.69
499.442	22.04	499.693	20.69
499.942	21.94	500.193	20.59
500.443	21.94	500.694	20.69
500.944	21.94	501.195	20.69
501.445	21.94	501.695	20.69
501.945	21.94	502.195	20.69
502.446	21.94	502.696	20.59
502.947	21.94	503.197	20.69
503.448	22.04	503.697	20.69
503.948	22.04	504.198	20.69
504.449	22.04	504.699	20.59
504.950	22.04	505.200	20.69
505.451	22.04	505.700	20.59
505.951	22.04	506.201	20.69
506.452	22.04	506.702	20.69
506.953	22.14	507.203	20.38
507.454	22.14	507.703	20.69
507.953	22.04	508.204	20.38
508.454	22.24	508.705	20.69
508.955	22.04	509.206	20.69
509.455	22.04	509.706	20.69
509.956	22.04	510.207	20.59
510.457	22.14	510.708	20.69
510.958	22.14	511.209	20.69
511.458	22.14	511.709	20.69
511.959	22.14	512.210	20.79
512.460	22.14	512.711	20.69
512.961	22.14	513.211	20.69
513.461	22.04	513.712	20.69
513.962	22.14	514.212	20.69
514.463	22.14	514.713	20.69
514.964	22.14	515.213	20.69
515.464	22.14	515.714	20.69
515.965	22.14	516.215	20.69
516.466	22.04	516.716	20.69
516.966	22.04	517.216	20.69
517.467	22.14	517.717	20.69
517.968	22.14	518.218	20.79
518.469	22.14	518.719	20.69
518.969	22.14	519.219	20.69
519.470	22.14	519.720	20.69
519.971	22.14	520.221	20.69
520.471	22.14	520.721	20.69
520.971	22.14	521.222	20.69
521.472	22.14	521.723	20.79
521.973	21.94	522.224	20.69
522.474	22.04	522.724	20.69
522.974	22.14	523.225	20.69
523.475	22.14	523.726	20.69
523.976	22.04	524.227	20.69
524.476	22.04	524.727	20.69
524.977	22.04	525.228	20.69
525.478	21.94	525.729	20.69
525.979	21.94	526.229	20.69
526.479	21.94	526.729	20.89
526.980	21.94	527.230	20.69
527.481	21.94	527.731	20.69
527.982	21.94	528.232	20.69
528.482	21.84	528.732	20.69
528.983	21.84	529.233	20.69
529.484	21.84	529.734	20.69
529.985	21.84	530.234	20.69
530.485	21.84	530.735	20.69
530.986	21.84	531.236	20.69
531.487	21.84	531.737	20.69
531.988	21.84	532.237	20.69
532.487	21.74	532.738	20.69
532.988	21.74	533.239	20.69
533.489	21.84	533.740	20.69
533.989	21.84	534.240	20.69
534.490	21.84	534.741	20.69
534.991	21.84	535.242	20.69
535.492	21.84	535.743	20.69
535.992	21.74	536.243	20.69
536.493	21.84	536.744	20.69
536.994	21.64	537.245	20.69
537.495	21.74	537.745	20.69
537.995	21.84	538.245	20.69
538.496	21.74	538.746	20.69
538.997	21.74	539.247	20.79
539.498	21.74	539.747	20.69
539.998	21.64	540.248	20.69
540.499	21.74	540.749	20.69
541.000	21.74	541.250	20.69
541.500	21.64	541.750	20.69
542.001	21.64	542.251	20.69
542.502	21.74	542.752	20.69
543.003	21.64	543.253	20.69
543.503	21.64	543.753	20.59
544.004	21.64	544.254	20.69
544.504	21.54	544.755	20.69
545.005	21.64	545.256	20.69
545.505	21.64	545.756	20.69
546.006	21.64	546.257	20.69
546.507	21.64	546.758	20.69
547.008	21.64	547.258	20.69
547.508	21.44	547.759	20.69
548.009	21.54	548.260	20.69
548.510	21.64	548.761	20.69
549.011	21.54	549.261	20.69
549.511	21.44	549.762	20.69
550.012	21.35	550.263	20.69
550.513	21.35	550.763	20.59
551.013	21.35	551.263	20.69
551.514	21.35	551.764	20.69
552.015	21.25	552.265	20.69
552.516	21.25	552.766	20.59
553.016	21.25	553.266	20.69
553.517	21.15	553.767	20.69
554.018	21.25	554.268	20.69
554.519	21.25	554.768	20.69
555.019	21.25	555.269	20.69
555.520	21.25	555.770	20.59
556.021	21.25	556.271	20.69
556.522	21.15	556.771	20.69
557.021	21.25	557.272	20.69
557.522	21.25	557.773	20.59
558.023	21.25	558.274	20.69
558.523	21.25	558.774	20.69
559.024	21.25	559.275	20.69
559.525	21.15	559.776	20.69
560.026	21.25	560.277	20.69
560.526	21.15	560.777	20.69
561.027	21.25	561.278	20.59
561.528	21.15	561.779	20.59
562.029	21.15	562.280	20.69
562.529	21.25	562.780	20.59
563.030	21.15	563.280	20.69
563.531	21.05	563.781	20.69
564.032	21.15	564.281	20.59
564.532	21.15	564.782	20.59
565.033	21.15	565.283	20.69
565.534	21.15	565.784	20.59
566.035	21.25	566.284	20.59
566.535	21.15	566.785	20.69
567.036	21.15	567.286	20.69
567.537	21.15	567.787	20.59
568.037	21.05	568.287	20.59
568.538	21.05	568.788	20.69
569.038	20.95	569.289	20.69
569.539	20.95	569.790	20.69
570.039	20.85	570.290	20.69
570.540	20.85	570.791	20.59
571.041	20.95	571.292	20.69
571.542	20.95	571.792	20.59
572.042	20.85	572.293	20.59
572.543	20.85	572.794	20.59
573.044	20.85	573.295	20.59
573.545	20.85	573.795	20.69
574.045	20.75	574.296	20.69
574.546	20.75	574.797	20.79
575.047	20.75	575.297	20.69
575.547	20.75	575.797	20.59
576.048	20.75	576.298	20.69
576.549	20.75	576.799	20.69
577.050	20.75	577.300	20.69
577.550	20.65	577.800	20.59
578.051	20.65	578.301	20.69
578.552	20.65	578.802	20.69
579.053	20.65	579.302	20.69
579.553	20.75	579.803	20.59
580.054	20.65	580.304	20.69
580.555	20.75	580.805	20.69
581.056	20.65	581.305	20.69
581.556	20.65	581.806	20.69
582.056	20.65	582.307	20.59
582.557	20.55	582.808	20.59
583.057	20.36	583.308	20.69
583.558	20.75	583.809	20.59
584.059	20.65	584.310	20.59
584.560	20.65	584.811	20.59
585.060	20.65	585.311	20.69
585.561	20.65	585.812	20.69
586.062	20.65	586.313	20.59
586.563	20.65	586.814	20.69
587.063	20.65	587.314	20.69
587.564	20.65	587.815	20.69
588.065	20.65	588.315	20.69
588.566	20.55	588.815	20.59
589.066	20.65	589.316	20.69
589.567	20.65	589.817	20.69
590.068	20.55	590.318	20.59
590.569	20.55	590.818	20.69
591.069	20.65	591.319	20.69
591.570	20.55	591.820	20.69
592.071	20.55	592.321	20.69
592.571	20.55	592.821	20.59
593.072	20.55	593.322	20.48
593.572	20.55	593.823	20.59
594.073	20.55	594.324	20.59
594.573	20.55	594.824	20.69
595.074	20.55	595.325	20.59
