#Creator: tempmonitorEventBuffer
#Creation time: Thu Nov 17 11:40:47 2022
#Time 0	Temp A0	Time 1	Temp A1
#[s]	[deg C]	[s]	[deg C]
0.250	29.58	0.500	28.39
0.750	30.22	1.000	28.61
1.251	30.75	1.501	28.82
1.752	31.17	2.002	29.14
2.253	31.49	2.503	29.25
2.753	31.82	3.003	29.47
3.254	32.25	3.504	29.47
3.755	32.36	4.005	29.79
4.256	32.79	4.505	30.00
4.756	33.01	5.006	30.11
5.256	33.12	5.507	30.22
5.757	33.45	6.008	30.33
6.258	33.56	6.508	30.44
6.758	33.78	7.009	30.55
7.259	34.00	7.510	30.55
7.760	34.00	8.011	30.65
8.260	34.22	8.511	30.65
8.761	34.33	9.012	30.76
9.262	34.44	9.513	30.87
9.763	34.55	10.014	30.87
10.263	34.66	10.514	30.87
10.764	34.77	11.015	30.98
11.265	34.89	11.516	30.98
11.766	35.00	12.015	30.98
12.266	35.11	12.516	31.20
12.767	35.22	13.017	31.20
13.268	35.22	13.518	31.20
13.769	35.33	14.018	31.31
14.269	35.45	14.519	31.31
14.770	35.45	15.020	31.31
15.271	35.45	15.521	31.42
15.772	35.56	16.021	31.42
16.272	35.67	16.522	31.42
16.773	35.67	17.023	31.53
17.274	35.79	17.524	31.53
17.774	35.79	18.024	31.64
18.274	35.79	18.525	31.53
18.775	35.90	19.026	31.64
19.276	35.90	19.527	31.64
19.776	36.01	20.027	31.64
20.277	36.13	20.528	31.64
20.778	36.13	21.029	31.64
21.279	36.13	21.529	31.64
21.779	36.24	22.030	31.75
22.280	36.24	22.531	31.64
22.781	36.24	23.032	31.75
23.282	36.35	23.532	31.86
23.782	36.35	24.032	31.75
24.283	36.35	24.533	31.86
24.784	36.47	25.034	31.86
25.284	36.35	25.534	31.86
25.785	36.47	26.035	31.97
26.286	36.47	26.536	31.97
26.787	36.47	27.037	31.86
27.287	36.47	27.537	31.97
27.788	36.58	28.038	31.97
28.289	36.58	28.539	31.97
28.790	36.70	29.039	31.97
29.290	36.70	29.540	31.97
29.790	36.70	30.041	31.97
30.291	36.81	30.542	31.97
30.792	36.70	31.042	32.08
31.292	36.81	31.543	32.08
31.793	36.81	32.044	31.97
32.294	36.81	32.545	32.08
32.794	36.93	33.045	32.19
33.295	36.93	33.546	32.08
33.796	36.93	34.047	32.19
34.297	37.04	34.548	32.08
34.797	36.93	35.048	32.19
35.298	37.04	35.549	32.19
35.799	37.04	36.049	32.19
36.300	37.04	36.549	32.19
36.800	37.04	37.050	32.30
37.301	37.27	37.551	32.19
37.802	37.04	38.052	32.30
38.303	37.16	38.552	32.30
38.803	37.16	39.053	32.30
39.304	37.27	39.554	32.30
39.805	37.27	40.055	32.41
40.306	37.27	40.555	32.30
40.806	37.27	41.056	32.41
41.307	37.27	41.557	32.41
41.808	37.27	42.058	32.30
42.307	37.27	42.558	32.41
42.808	37.39	43.059	32.41
43.309	37.39	43.560	32.41
43.810	37.27	44.061	32.41
44.310	37.39	44.561	32.30
44.811	37.50	45.062	32.41
45.312	37.39	45.563	32.41
45.813	37.39	46.063	32.41
46.313	37.39	46.564	32.41
46.814	37.39	47.065	32.41
47.315	37.50	47.566	32.41
47.816	37.50	48.066	32.41
48.316	37.39	48.566	32.41
48.817	37.50	49.067	32.41
49.318	37.50	49.568	32.41
49.818	37.39	50.068	32.30
50.319	37.50	50.569	32.41
50.820	37.50	51.070	32.41
51.321	37.39	51.571	32.41
51.821	37.50	52.071	32.41
52.322	37.50	52.572	32.30
52.823	37.50	53.073	32.19
53.324	37.50	53.573	32.30
53.824	37.50	54.074	32.30
54.325	37.39	54.575	32.30
54.825	37.50	55.076	32.30
55.326	37.50	55.576	32.19
55.826	37.50	56.077	32.19
56.327	37.50	56.578	32.19
56.828	37.39	57.079	32.19
57.328	37.50	57.579	32.19
57.829	37.39	58.080	32.19
58.330	37.39	58.581	32.19
58.831	37.50	59.082	32.19
59.331	37.50	59.582	32.19
59.832	37.39	60.083	32.19
60.333	37.39	60.583	32.08
60.834	37.39	61.084	32.19
61.334	37.39	61.584	32.19
61.835	37.39	62.085	32.19
62.336	37.39	62.586	32.08
62.837	37.39	63.086	32.19
63.337	37.39	63.587	32.08
63.838	37.39	64.088	32.08
64.339	37.39	64.589	32.08
64.840	37.39	65.089	32.08
65.340	37.50	65.590	32.08
65.841	37.50	66.091	32.19
66.342	37.39	66.592	32.08
66.841	37.50	67.092	32.08
67.342	37.50	67.593	32.08
67.843	37.39	68.094	32.08
68.344	37.50	68.595	32.08
68.844	37.50	69.095	32.08
69.345	37.50	69.596	32.08
69.846	37.50	70.097	32.19
70.347	37.39	70.597	32.19
70.847	37.50	71.098	32.19
71.348	37.39	71.599	32.19
71.849	37.27	72.100	31.97
72.350	37.16	72.600	31.64
72.850	36.93	73.100	31.64
73.351	36.93	73.601	31.64
73.852	36.81	74.102	31.64
74.352	36.81	74.602	31.64
74.853	36.70	75.103	31.64
75.354	36.70	75.604	31.64
75.855	36.58	76.105	31.64
76.355	36.58	76.605	31.64
76.856	36.47	77.106	31.64
77.357	36.47	77.607	31.64
77.858	36.58	78.108	31.53
78.358	36.35	78.608	31.53
78.858	36.47	79.109	31.53
79.359	36.47	79.610	31.53
79.860	36.24	80.110	31.53
80.360	36.35	80.611	31.53
80.861	36.35	81.112	31.42
81.362	36.24	81.613	31.53
81.863	36.24	82.113	31.53
82.363	36.24	82.614	31.53
82.864	36.24	83.115	31.53
83.365	36.35	83.616	31.53
83.865	36.24	84.116	31.64
84.366	36.13	84.617	31.53
84.867	36.24	85.117	31.53
85.368	36.13	85.618	31.53
85.868	36.24	86.118	31.53
86.369	36.13	86.619	31.53
86.870	36.24	87.120	31.53
87.371	36.24	87.620	31.64
87.871	36.13	88.121	31.53
88.372	36.13	88.622	31.53
88.873	36.24	89.123	31.64
89.374	36.24	89.623	31.53
89.874	36.24	90.124	31.53
90.375	36.24	90.625	31.53
90.876	36.24	91.126	31.53
91.375	36.24	91.626	31.53
91.876	36.24	92.127	31.64
92.377	36.24	92.628	31.53
92.878	36.24	93.129	31.53
93.378	36.13	93.629	31.42
93.879	35.90	94.130	31.42
94.380	35.56	94.631	31.31
94.881	35.45	95.132	31.31
95.381	35.45	95.632	31.31
95.882	35.33	96.133	31.20
96.383	35.33	96.634	31.20
96.884	35.22	97.133	31.20
97.384	35.22	97.634	31.09
97.885	35.22	98.135	31.20
98.386	35.11	98.636	31.20
98.887	35.11	99.136	31.09
99.387	35.11	99.637	31.09
99.888	35.11	100.138	31.09
100.389	35.11	100.639	31.09
100.889	35.11	101.139	30.98
101.390	35.00	101.640	31.09
101.891	35.00	102.141	30.98
102.392	35.00	102.642	31.09
102.892	35.00	103.142	31.09
103.393	34.89	103.643	30.98
103.893	35.00	104.144	30.98
104.394	34.89	104.644	30.98
104.894	34.89	105.145	30.98
105.395	34.89	105.646	30.98
105.896	34.89	106.147	30.87
106.397	34.89	106.647	30.98
106.897	34.77	107.148	30.98
107.398	34.77	107.649	30.98
107.899	34.77	108.150	30.98
108.399	34.77	108.650	30.87
108.900	34.77	109.151	30.98
109.401	34.77	109.651	30.98
109.902	34.66	110.152	30.87
110.402	34.66	110.652	30.87
110.903	34.66	111.153	30.98
111.404	34.66	111.654	30.87
111.905	34.66	112.154	30.98
112.405	34.66	112.655	30.98
112.906	34.55	113.156	30.87
113.407	34.66	113.657	30.76
113.908	34.55	114.157	30.65
114.408	34.33	114.658	30.65
114.909	34.11	115.159	30.55
115.410	34.11	115.660	30.55
115.909	34.00	116.160	30.55
116.410	33.89	116.661	30.44
116.911	33.89	117.162	30.55
117.412	33.78	117.663	30.44
117.912	33.78	118.163	30.33
118.413	33.78	118.664	30.33
118.914	33.67	119.165	30.33
119.415	33.67	119.666	30.33
119.915	33.67	120.166	30.22
120.416	33.67	120.667	30.33
120.917	33.56	121.168	30.33
121.418	33.56	121.667	30.22
121.918	33.56	122.168	30.22
122.419	33.56	122.669	30.33
122.920	33.56	123.170	30.22
123.421	33.56	123.670	30.22
123.921	33.45	124.171	30.11
124.422	33.56	124.672	30.22
124.923	33.45	125.173	30.22
125.423	33.45	125.673	30.11
125.924	33.45	126.174	30.22
126.425	33.45	126.675	30.22
126.926	33.45	127.176	30.11
127.426	33.45	127.676	30.11
127.926	33.45	128.177	30.11
128.427	33.45	128.678	30.11
128.928	33.45	129.178	30.11
129.428	33.45	129.679	30.11
129.929	33.45	130.180	30.11
130.430	33.34	130.681	30.11
130.931	33.45	131.181	30.11
131.431	33.45	131.682	30.11
131.932	33.45	132.183	30.11
132.433	33.45	132.684	30.11
132.933	33.34	133.184	30.11
133.434	33.45	133.685	30.11
133.935	33.34	134.186	30.11
134.436	33.45	134.686	30.11
134.936	33.45	135.186	30.11
135.437	33.45	135.687	30.00
135.938	33.45	136.188	30.11
136.439	33.45	136.688	30.00
136.939	33.34	137.189	30.00
137.440	33.34	137.690	30.11
137.941	33.34	138.191	30.11
138.442	33.34	138.691	30.11
138.942	33.34	139.192	30.00
139.443	33.34	139.693	30.00
139.944	33.34	140.194	29.90
140.445	33.12	140.694	29.68
140.944	33.01	141.195	29.68
141.445	32.90	141.696	29.68
141.946	32.90	142.197	29.68
142.446	32.79	142.697	29.68
142.947	32.68	143.198	29.79
143.448	32.68	143.699	29.79
143.949	32.68	144.200	29.79
144.449	32.57	144.700	29.68
144.950	32.57	145.201	29.68
145.451	32.57	145.702	29.68
145.952	32.57	146.202	29.57
146.452	32.57	146.702	29.68
146.953	32.46	147.203	29.68
147.454	32.46	147.704	29.57
147.955	32.46	148.204	29.57
148.455	32.46	148.705	29.57
148.956	32.46	149.206	29.57
149.457	32.46	149.707	29.57
149.957	32.46	150.207	29.57
150.458	32.36	150.708	29.57
150.959	32.46	151.209	29.57
151.460	32.46	151.710	29.57
151.960	32.46	152.210	29.57
152.461	32.36	152.711	29.57
152.961	32.36	153.212	29.47
153.462	32.46	153.712	29.47
153.962	32.36	154.213	29.47
154.463	32.36	154.714	29.57
154.964	32.36	155.215	29.57
155.465	32.36	155.715	29.47
155.965	32.36	156.216	29.57
156.466	32.46	156.717	29.57
156.967	32.46	157.218	29.57
157.468	32.36	157.718	29.47
157.968	32.36	158.219	29.57
158.469	32.36	158.719	29.47
158.970	32.46	159.220	29.47
159.470	32.36	159.720	29.47
159.971	32.36	160.221	29.47
160.472	32.46	160.722	29.47
160.973	32.36	161.223	29.47
161.473	32.36	161.723	29.47
161.974	32.46	162.224	29.57
162.475	32.46	162.725	29.36
162.976	32.25	163.225	29.25
163.476	32.14	163.726	29.25
163.977	31.92	164.227	29.25
164.478	31.82	164.728	29.25
164.979	31.71	165.228	29.14
165.478	31.60	165.729	29.14
165.979	31.60	166.230	29.14
166.480	31.49	166.731	29.14
166.980	31.49	167.231	29.04
167.481	31.49	167.732	29.14
167.982	31.49	168.233	29.14
168.483	31.49	168.734	29.04
168.983	31.39	169.234	29.04
169.484	31.39	169.735	29.14
169.985	31.49	170.236	29.14
170.486	31.39	170.736	29.04
170.986	31.28	171.237	29.04
171.487	31.28	171.737	29.14
171.988	31.28	172.238	29.14
172.489	31.28	172.738	29.14
172.989	31.28	173.239	29.04
173.490	31.28	173.740	29.04
173.991	31.28	174.241	29.04
174.492	31.28	174.741	29.04
174.992	31.28	175.242	29.04
175.493	31.17	175.743	29.04
175.994	31.28	176.244	29.04
176.494	31.28	176.744	29.25
176.995	31.07	177.245	29.14
177.496	31.17	177.746	29.04
177.996	31.28	178.247	29.04
178.496	31.28	178.747	29.04
178.997	31.17	179.248	29.04
179.498	31.28	179.749	29.04
179.999	31.28	180.249	29.04
180.499	31.17	180.750	29.04
181.000	31.28	181.251	29.04
181.501	31.28	181.752	29.04
182.002	31.28	182.252	29.04
182.502	31.28	182.753	29.04
183.003	31.17	183.254	29.04
183.504	31.28	183.755	28.93
184.004	31.28	184.254	29.04
184.505	31.28	184.755	29.04
185.006	31.28	185.256	29.04
185.507	31.28	185.757	29.04
186.007	31.28	186.257	29.04
186.508	31.28	186.758	29.04
187.009	31.28	187.259	29.14
187.510	31.28	187.759	29.04
188.010	31.28	188.260	29.04
188.511	31.28	188.761	29.14
189.012	31.28	189.262	29.14
189.513	31.28	189.762	29.14
190.013	31.28	190.263	29.14
190.514	31.28	190.764	29.14
191.014	31.28	191.265	29.14
191.514	31.17	191.765	29.04
192.015	31.28	192.266	29.14
192.516	31.28	192.767	29.14
193.017	31.28	193.268	29.04
193.517	31.28	193.768	28.93
194.018	31.17	194.269	28.82
194.519	31.07	194.770	28.82
195.020	30.96	195.271	28.82
195.520	30.85	195.771	28.82
196.021	30.75	196.272	28.82
196.522	30.64	196.773	28.71
197.023	30.85	197.272	28.71
197.523	30.64	197.773	28.71
198.024	30.53	198.274	28.61
198.525	30.43	198.775	28.71
199.026	30.53	199.275	28.71
199.526	30.43	199.776	28.71
200.027	30.43	200.277	28.61
200.528	30.32	200.778	28.61
201.028	30.32	201.278	28.61
201.529	30.32	201.779	28.61
202.030	30.32	202.280	28.61
202.531	30.32	202.781	28.50
203.031	30.22	203.281	28.61
203.531	30.22	203.782	28.61
204.032	30.22	204.283	28.50
204.533	30.22	204.783	28.50
205.033	30.22	205.284	28.61
205.534	30.22	205.785	28.50
206.035	30.11	206.286	28.61
206.536	30.22	206.786	28.50
207.036	30.11	207.287	28.50
207.537	30.11	207.788	28.61
208.038	30.11	208.289	28.50
208.538	30.11	208.789	28.50
209.039	30.11	209.290	28.61
209.540	30.01	209.790	28.50
210.041	30.11	210.291	28.50
210.541	30.11	210.791	28.61
211.042	30.01	211.292	28.50
211.543	30.11	211.793	28.61
212.044	30.01	212.293	28.50
212.544	30.01	212.794	28.50
213.045	30.01	213.295	28.50
213.546	30.01	213.796	28.61
214.047	30.01	214.296	28.61
214.547	30.01	214.797	28.50
215.048	30.01	215.298	28.61
215.549	30.01	215.799	28.50
216.048	30.01	216.299	28.39
216.549	29.79	216.800	28.39
217.050	29.69	217.301	28.29
217.551	29.58	217.802	28.39
218.051	29.48	218.302	28.29
218.552	29.37	218.803	28.29
219.053	29.27	219.304	28.18
219.554	29.27	219.805	28.18
220.054	29.27	220.305	28.18
220.555	29.27	220.806	28.18
221.056	29.27	221.307	28.18
221.557	29.27	221.806	28.18
222.057	29.16	222.307	28.08
222.558	29.27	222.808	28.18
223.059	29.16	223.309	28.08
223.560	29.27	223.809	28.18
224.060	29.16	224.310	28.18
224.561	29.06	224.811	28.08
225.062	29.16	225.312	28.08
225.562	29.16	225.812	28.08
226.063	29.06	226.313	28.08
226.564	29.06	226.814	28.08
227.065	29.06	227.315	28.08
227.565	29.06	227.815	28.08
228.065	28.95	228.316	27.97
228.566	29.06	228.817	28.08
229.067	29.06	229.317	28.08
229.567	29.06	229.818	28.08
230.068	28.95	230.319	28.08
230.569	28.95	230.820	27.97
231.070	28.95	231.320	27.97
231.570	28.95	231.821	27.97
232.071	28.95	232.322	27.97
232.572	28.95	232.823	28.08
233.072	28.95	233.322	28.08
233.573	28.95	233.823	27.97
234.074	28.95	234.324	27.97
234.575	28.85	234.825	27.97
235.075	28.95	235.325	27.97
235.576	28.85	235.826	27.97
236.077	28.85	236.327	27.97
236.578	28.85	236.828	27.97
237.078	28.75	237.328	27.86
237.579	28.54	237.829	27.86
238.080	28.43	238.330	27.76
238.581	28.33	238.830	27.76
239.081	28.33	239.331	27.76
239.581	28.23	239.832	27.76
240.082	28.23	240.333	27.65
240.583	28.12	240.833	27.65
241.083	28.12	241.334	27.65
241.584	28.12	241.835	27.65
242.085	28.02	242.336	27.65
242.585	28.02	242.836	27.65
243.086	27.92	243.337	27.65
243.587	27.92	243.838	27.54
244.088	27.92	244.339	27.54
244.588	27.92	244.839	27.54
245.089	27.92	245.340	27.65
245.590	27.92	245.840	27.54
246.091	27.92	246.340	27.54
246.591	27.81	246.841	27.54
247.092	27.81	247.342	27.54
247.593	27.81	247.843	27.54
248.094	27.81	248.343	27.54
248.594	27.81	248.844	27.54
249.095	27.71	249.345	27.54
249.596	27.81	249.846	27.54
250.096	27.71	250.346	27.54
250.597	27.71	250.847	27.54
251.098	27.71	251.348	27.54
251.599	27.71	251.849	27.54
252.098	27.71	252.349	27.54
252.599	27.71	252.850	27.54
253.100	27.71	253.351	27.54
253.601	27.60	253.852	27.54
254.101	27.71	254.352	27.54
254.602	27.71	254.853	27.54
255.103	27.71	255.354	27.54
255.604	27.60	255.854	27.44
256.104	27.60	256.355	27.44
256.605	27.71	256.856	27.54
257.106	27.60	257.357	27.33
257.607	27.50	257.856	27.33
258.107	27.30	258.357	27.12
258.608	27.19	258.858	27.12
259.109	27.19	259.359	27.23
259.609	27.09	259.859	27.12
260.110	27.09	260.360	27.12
260.611	26.99	260.861	27.02
261.112	26.99	261.362	27.12
261.612	26.88	261.862	27.02
262.113	26.88	262.363	27.12
262.614	26.88	262.864	27.12
263.115	26.88	263.364	27.02
263.615	26.78	263.865	27.02
264.115	26.78	264.366	27.12
264.616	26.78	264.867	27.02
265.117	26.78	265.367	27.02
265.617	26.78	265.868	27.02
266.118	26.78	266.369	27.02
266.619	26.78	266.870	27.02
267.119	26.68	267.370	27.02
267.620	26.68	267.871	27.02
268.121	26.68	268.372	27.02
268.622	26.68	268.873	27.02
269.122	26.68	269.373	27.02
269.623	26.68	269.874	27.02
270.124	26.68	270.374	27.02
270.625	26.68	270.874	27.02
271.125	26.58	271.375	27.02
271.626	26.68	271.876	27.02
272.127	26.58	272.377	26.91
272.628	26.68	272.877	26.91
273.128	26.58	273.378	26.91
273.629	26.58	273.879	26.91
274.130	26.58	274.380	26.91
274.631	26.58	274.880	26.91
275.131	26.58	275.381	26.91
275.632	26.58	275.882	26.91
276.132	26.58	276.383	26.91
276.632	26.58	276.883	26.80
277.133	26.47	277.384	26.91
277.634	26.58	277.885	26.80
278.135	26.58	278.386	26.91
278.635	26.47	278.886	26.70
279.136	26.47	279.387	26.59
279.637	26.37	279.888	26.59
280.138	26.27	280.388	26.59
280.638	26.17	280.889	26.49
281.139	26.17	281.390	26.49
281.640	25.96	281.890	26.38
282.141	25.86	282.390	26.38
282.641	25.86	282.891	26.38
283.142	25.86	283.392	26.38
283.643	25.86	283.893	26.38
284.143	25.76	284.393	26.38
284.644	25.76	284.894	26.38
285.145	25.76	285.395	26.28
285.646	25.76	285.896	26.38
286.146	25.76	286.396	26.28
286.647	25.76	286.897	26.38
287.148	25.66	287.398	26.28
287.649	25.66	287.898	26.49
288.148	25.66	288.399	26.38
288.649	25.66	288.900	26.28
289.150	25.56	289.401	26.28
289.651	25.56	289.901	26.28
290.151	25.56	290.402	26.28
290.652	25.66	290.903	26.28
291.153	25.56	291.404	26.28
291.653	25.56	291.904	26.28
292.154	25.66	292.405	26.28
292.655	25.56	292.906	26.38
293.156	25.56	293.407	26.28
293.656	25.56	293.906	26.28
294.157	25.56	294.407	26.28
294.658	25.56	294.908	26.28
295.159	25.56	295.408	26.28
295.659	25.46	295.909	26.28
296.160	25.46	296.410	26.28
296.661	25.46	296.911	26.38
297.162	25.46	297.411	26.28
297.662	25.46	297.912	26.38
298.163	25.46	298.413	26.28
298.664	25.46	298.914	26.28
299.165	25.46	299.414	26.17
299.665	25.25	299.915	26.28
300.165	25.46	300.416	26.28
300.666	25.35	300.917	26.28
301.166	25.35	301.417	26.28
301.667	25.35	301.918	26.28
302.168	25.35	302.419	26.28
302.669	25.35	302.920	26.28
303.169	25.35	303.420	26.28
303.670	25.35	303.921	26.38
304.171	25.35	304.422	26.38
304.672	25.35	304.922	26.28
305.172	25.35	305.423	26.28
305.673	25.25	305.923	26.28
306.174	25.15	306.424	26.17
306.675	25.05	306.924	26.17
307.175	24.95	307.425	26.07
307.676	24.85	307.926	25.96
308.177	24.85	308.427	25.96
308.677	24.75	308.927	25.96
309.178	24.75	309.428	25.96
309.679	24.65	309.929	25.96
310.180	24.65	310.430	25.75
310.680	24.55	310.930	25.86
311.181	24.55	311.431	25.86
311.682	24.44	311.932	25.75
312.182	24.44	312.432	25.86
312.682	24.44	312.933	25.75
313.183	24.34	313.434	25.75
313.684	24.44	313.935	25.75
314.185	24.44	314.435	25.75
314.685	24.34	314.936	25.75
315.186	24.34	315.437	25.86
315.687	24.34	315.938	25.75
316.188	24.34	316.438	25.75
316.688	24.34	316.939	25.75
317.189	24.34	317.440	25.75
317.690	24.34	317.941	25.75
318.190	24.34	318.440	25.75
318.691	24.34	318.941	25.65
319.192	24.34	319.442	25.75
319.693	24.34	319.943	25.65
320.193	24.24	320.443	25.65
320.694	24.24	320.944	25.65
321.195	24.24	321.445	25.75
321.696	24.24	321.945	25.75
322.196	24.24	322.446	25.65
322.697	24.24	322.947	25.65
323.198	24.24	323.448	25.65
323.699	24.24	323.948	25.65
324.199	24.24	324.449	25.65
324.699	24.24	324.950	25.75
325.200	24.14	325.451	25.65
325.700	24.24	325.951	25.75
326.201	24.24	326.452	25.65
326.702	24.24	326.953	25.75
327.203	24.14	327.454	25.65
327.703	24.14	327.954	25.55
328.204	24.14	328.455	25.65
328.705	24.14	328.956	25.65
329.206	24.14	329.456	25.65
329.706	24.14	329.957	25.65
330.207	24.14	330.458	25.65
330.708	24.14	330.958	25.75
331.209	24.14	331.458	25.55
331.709	24.14	331.959	25.55
332.210	24.14	332.460	25.44
332.711	24.14	332.961	25.44
333.212	24.04	333.461	25.34
333.712	23.94	333.962	25.34
334.213	23.84	334.463	25.34
334.714	23.74	334.964	25.34
335.214	23.64	335.464	25.23
335.715	23.64	335.965	25.23
336.216	23.54	336.466	25.23
336.716	23.54	336.967	25.23
337.216	23.54	337.467	25.23
337.717	23.44	337.968	25.23
338.218	23.44	338.469	25.23
338.719	23.34	338.969	25.23
339.219	23.34	339.470	25.13
339.720	23.34	339.971	25.13
340.221	23.34	340.472	25.13
340.722	23.34	340.972	25.13
341.222	23.24	341.473	25.13
341.723	23.34	341.974	25.13
342.224	23.24	342.475	25.13
342.724	23.24	342.974	25.13
343.225	23.34	343.475	25.13
343.726	23.24	343.976	25.13
344.227	23.24	344.477	25.13
344.727	23.24	344.977	25.13
345.228	23.14	345.478	25.13
345.729	23.24	345.979	25.13
346.230	23.24	346.479	25.13
346.730	23.14	346.980	25.13
347.231	23.14	347.481	25.13
347.732	23.14	347.982	25.13
348.233	23.24	348.482	25.13
348.733	23.14	348.983	25.13
349.233	23.14	349.484	25.23
349.734	23.14	349.985	25.13
350.234	23.14	350.485	25.13
350.735	23.14	350.986	25.13
351.236	23.14	351.487	25.13
351.737	23.14	351.988	25.13
352.237	23.14	352.488	25.13
352.738	23.04	352.989	25.13
353.239	23.14	353.490	25.02
353.740	23.14	353.991	25.13
354.240	23.14	354.491	25.13
354.741	23.14	354.991	25.13
355.242	23.14	355.492	25.13
355.743	23.14	355.992	25.13
356.243	23.04	356.493	25.13
356.744	23.14	356.994	25.02
357.245	23.04	357.495	24.92
357.746	23.04	357.995	24.92
358.246	22.94	358.496	24.81
358.747	22.74	358.997	25.13
359.248	22.74	359.498	24.81
359.748	22.44	359.998	24.81
360.249	22.54	360.499	24.71
360.749	22.54	361.000	24.71
361.250	22.44	361.501	24.81
361.750	22.34	362.001	24.71
362.251	22.34	362.502	24.71
362.752	22.34	363.003	24.71
363.253	22.34	363.503	24.71
363.753	22.24	364.004	24.71
364.254	22.24	364.505	24.71
364.755	22.24	365.006	24.71
365.256	22.24	365.506	24.71
365.756	22.24	366.007	24.71
366.257	22.24	366.508	24.71
366.758	22.24	367.008	24.71
367.258	22.14	367.508	24.61
367.759	22.04	368.009	24.61
368.260	22.14	368.510	24.71
368.761	22.14	369.011	24.71
369.261	22.14	369.511	24.71
369.762	22.14	370.012	24.71
370.263	22.14	370.513	24.71
370.764	22.14	371.013	24.71
371.264	22.14	371.514	24.71
371.765	22.14	372.015	24.61
372.266	22.04	372.516	24.71
372.767	22.04	373.016	24.71
373.266	22.04	373.517	24.61
373.767	22.04	374.018	24.71
374.268	22.04	374.519	24.61
374.768	22.04	375.019	24.61
375.269	22.04	375.520	24.61
375.770	22.04	376.021	24.61
376.271	21.94	376.522	24.71
376.771	22.04	377.022	24.61
377.272	22.04	377.523	24.71
377.773	22.04	378.024	24.61
378.274	22.04	378.525	24.71
378.774	22.04	379.025	24.61
379.275	22.04	379.525	24.61
379.776	22.04	380.026	24.61
380.277	21.94	380.526	24.61
380.777	21.94	381.027	24.61
381.278	22.04	381.528	24.50
381.779	21.94	382.029	24.50
382.280	21.64	382.529	24.40
382.780	21.64	383.030	24.30
383.281	21.54	383.531	24.40
383.782	21.44	384.032	24.30
384.282	21.44	384.532	24.30
384.783	21.35	385.033	24.30
385.284	21.35	385.534	24.19
385.784	21.35	386.035	24.40
386.284	21.25	386.535	24.30
386.785	21.25	387.036	24.19
387.286	21.25	387.537	24.30
387.787	21.25	388.037	24.30
388.287	21.25	388.538	24.19
388.788	21.25	389.039	24.19
389.289	21.15	389.540	24.19
389.790	21.15	390.040	24.19
390.290	21.15	390.541	24.19
390.791	21.15	391.042	24.19
391.292	21.05	391.543	24.19
391.792	21.05	392.042	24.19
392.293	21.05	392.543	24.19
392.794	21.05	393.044	24.19
393.295	21.05	393.545	24.19
393.795	21.05	394.045	24.19
394.296	21.05	394.546	24.19
394.797	21.05	395.047	24.19
395.298	21.05	395.548	24.19
395.798	21.05	396.048	24.09
396.299	20.95	396.549	24.09
396.800	20.95	397.050	24.09
397.301	20.95	397.550	24.09
397.800	20.95	398.051	24.09
398.301	20.95	398.552	24.09
398.802	20.95	399.053	24.19
399.303	20.95	399.553	24.09
399.803	20.95	400.054	24.09
400.304	20.95	400.555	24.09
400.805	20.95	401.056	24.09
401.305	20.95	401.556	24.19
401.806	20.95	402.057	24.19
402.307	20.95	402.558	24.09
402.808	20.95	403.059	24.19
403.308	20.85	403.559	24.19
403.809	20.95	404.059	24.19
404.310	20.85	404.560	24.19
404.811	20.85	405.060	24.19
405.311	20.85	405.561	24.19
405.812	20.85	406.062	24.19
406.313	20.95	406.563	24.19
406.814	20.85	407.063	24.19
407.314	20.85	407.564	24.19
407.815	20.85	408.065	24.19
408.316	20.85	408.566	24.09
408.816	20.85	409.066	24.09
409.317	20.85	409.567	23.98
409.818	20.85	410.068	24.09
410.318	20.85	410.569	23.98
410.818	20.85	411.069	23.88
411.319	20.85	411.570	23.78
411.820	20.75	412.071	23.78
412.321	20.75	412.572	23.78
412.821	20.75	413.072	23.67
413.322	20.85	413.573	23.67
413.823	20.75	414.074	23.67
414.324	20.75	414.574	23.67
414.824	20.85	415.075	23.67
415.325	20.75	415.576	23.67
415.826	20.75	416.076	23.67
416.327	20.75	416.576	23.57
416.827	20.75	417.077	23.57
417.328	20.75	417.578	23.57
417.829	20.85	418.079	23.57
418.329	20.75	418.579	23.57
418.830	20.75	419.080	23.57
419.331	20.75	419.581	23.57
419.832	20.75	420.082	23.67
420.332	20.75	420.582	23.57
420.833	20.75	421.083	23.57
421.334	20.75	421.584	23.67
421.835	20.75	422.084	23.57
422.334	20.75	422.585	23.57
422.835	20.75	423.086	23.57
423.336	20.75	423.587	23.57
423.837	20.65	424.087	23.57
424.337	20.75	424.588	23.57
424.838	20.75	425.089	23.57
425.339	20.75	425.590	23.57
425.839	20.75	426.090	23.47
426.340	20.75	426.591	23.47
426.841	20.75	427.092	23.36
427.342	20.65	427.593	23.47
427.842	20.65	428.092	23.47
428.343	20.65	428.593	23.47
428.844	20.65	429.094	23.47
429.345	20.65	429.594	23.47
429.845	20.65	430.095	23.47
430.346	20.65	430.596	23.47
430.847	20.65	431.097	23.47
431.348	20.65	431.597	23.47
431.848	20.65	432.098	23.47
432.349	20.65	432.599	23.36
432.850	20.65	433.100	23.26
433.351	20.65	433.600	23.26
433.851	20.65	434.101	23.16
434.351	20.65	434.602	23.16
434.852	20.65	435.103	23.16
435.352	20.65	435.603	23.16
435.853	20.65	436.104	23.16
436.354	20.65	436.605	23.16
436.855	20.65	437.106	23.16
437.355	20.65	437.606	23.16
437.856	20.65	438.107	23.16
438.357	20.65	438.608	23.26
438.858	20.65	439.108	23.36
439.358	20.75	439.609	23.16
439.859	20.65	440.110	23.05
440.360	20.65	440.610	23.05
440.861	20.65	441.110	22.95
441.361	20.65	441.611	23.05
441.862	20.65	442.112	23.05
442.363	20.65	442.613	23.05
442.863	20.65	443.113	23.05
443.364	20.65	443.614	23.05
443.865	20.65	444.115	23.05
444.366	20.65	444.616	23.05
444.866	20.65	445.116	23.05
445.367	20.65	445.617	23.05
445.868	20.65	446.118	22.95
446.369	20.65	446.618	23.05
446.868	20.65	447.119	23.05
447.369	20.65	447.620	22.95
447.870	20.65	448.121	23.05
448.371	20.65	448.621	22.95
448.871	20.65	449.122	22.95
449.372	20.65	449.623	22.95
449.873	20.65	450.124	22.95
450.373	20.65	450.624	22.95
450.874	20.55	451.125	23.05
451.375	20.65	451.626	23.05
451.876	20.65	452.127	22.95
452.376	20.65	452.626	22.95
452.877	20.65	453.127	23.05
453.378	20.75	453.628	23.05
453.879	20.65	454.128	23.05
454.379	20.65	454.629	22.95
454.880	20.65	455.130	22.95
455.381	20.65	455.631	22.95
455.882	20.65	456.131	22.95
456.382	20.55	456.632	22.95
456.883	20.65	457.133	22.95
457.384	20.65	457.634	23.05
457.885	20.65	458.134	22.95
458.385	20.65	458.635	22.95
458.885	20.65	459.136	22.85
459.386	20.65	459.637	22.85
459.886	20.65	460.137	22.85
460.387	20.65	460.638	22.74
460.888	20.65	461.139	22.74
461.389	20.65	461.640	22.64
461.889	20.65	462.140	22.64
462.390	20.65	462.641	22.64
462.891	20.65	463.142	22.64
463.392	20.55	463.642	22.54
463.892	20.65	464.143	22.54
464.393	20.65	464.643	22.64
464.894	20.65	465.144	22.54
465.395	20.65	465.644	22.64
465.895	20.65	466.145	22.64
466.396	20.65	466.646	22.54
466.897	20.65	467.147	22.54
467.397	20.65	467.647	22.54
467.898	20.65	468.148	22.64
468.399	20.65	468.649	22.54
468.900	20.65	469.150	22.54
469.400	20.55	469.650	22.43
469.901	20.55	470.151	22.54
470.402	20.65	470.652	22.54
470.902	20.65	471.152	22.54
471.402	20.65	471.653	22.54
471.903	20.55	472.154	22.43
472.404	20.65	472.655	22.54
472.905	20.65	473.155	22.54
473.405	20.65	473.656	22.54
473.906	20.55	474.157	22.54
474.407	20.65	474.658	22.54
474.908	20.65	475.158	22.43
475.408	20.55	475.659	22.43
475.909	20.55	476.160	22.54
476.410	20.65	476.661	22.43
476.910	20.65	477.160	22.43
477.411	20.65	477.661	22.54
477.912	20.65	478.162	22.43
478.413	20.65	478.663	22.43
478.913	20.65	479.163	22.54
479.414	20.65	479.664	22.43
479.915	20.65	480.165	22.43
480.416	20.65	480.665	22.54
480.916	20.36	481.166	22.33
481.417	20.65	481.667	22.33
481.918	20.55	482.168	22.23
482.419	20.65	482.668	22.23
482.919	20.65	483.169	22.23
483.419	20.55	483.670	22.13
483.920	20.55	484.171	22.02
484.420	20.55	484.671	21.82
484.921	20.75	485.172	21.61
485.422	20.55	485.673	22.23
485.923	20.65	486.174	22.54
486.423	20.65	486.674	22.43
486.924	20.65	487.175	22.02
487.425	20.55	487.676	21.82
487.926	20.55	488.176	22.02
488.426	20.65	488.677	22.02
488.927	20.55	489.178	22.13
489.428	20.55	489.678	22.02
489.929	20.55	490.178	22.02
490.429	20.65	490.679	22.02
490.930	20.65	491.180	22.02
491.431	20.65	491.681	22.02
491.932	20.65	492.181	22.02
492.432	20.65	492.682	22.02
492.933	20.65	493.183	21.92
493.434	20.55	493.684	21.92
493.934	20.65	494.184	21.92
494.435	20.45	494.685	21.92
494.936	20.65	495.186	21.92
495.436	20.55	495.687	21.92
495.936	20.65	496.187	21.92
496.437	20.55	496.688	21.92
496.938	20.65	497.189	22.02
497.439	20.65	497.689	21.92
497.939	20.55	498.190	21.92
498.440	20.55	498.691	21.92
498.941	20.55	499.192	21.92
499.442	20.55	499.692	21.92
499.942	20.55	500.193	22.02
500.443	20.65	500.694	22.02
500.944	20.65	501.195	21.92
501.444	20.65	501.694	21.92
501.945	20.65	502.195	21.92
502.446	20.65	502.696	22.02
502.947	20.65	503.197	21.92
503.447	20.65	503.697	21.92
503.948	20.55	504.198	21.92
504.449	20.65	504.699	22.02
504.950	20.65	505.199	21.92
505.450	20.65	505.700	21.92
505.951	20.65	506.201	21.92
506.452	20.65	506.702	21.92
506.953	20.65	507.202	21.92
507.453	20.65	507.703	22.02
507.953	20.65	508.204	21.92
508.454	20.65	508.705	21.82
508.954	20.65	509.205	21.82
509.455	20.65	509.706	21.82
509.956	20.65	510.207	21.82
510.457	20.65	510.708	21.71
510.957	20.55	511.208	21.61
511.458	20.55	511.709	21.61
511.959	20.65	512.210	21.61
512.460	20.65	512.711	21.51
512.960	20.65	513.211	21.61
513.461	20.65	513.711	21.51
513.962	20.65	514.212	21.51
514.463	20.65	514.712	21.51
514.963	20.55	515.213	21.51
515.464	20.65	515.714	21.51
515.965	20.65	516.215	21.51
516.466	20.65	516.715	21.51
516.966	20.65	517.216	21.51
517.467	20.65	517.717	21.51
517.968	20.65	518.218	21.51
518.468	20.65	518.718	21.41
518.969	20.65	519.219	21.41
519.469	20.65	519.720	21.30
519.970	20.65	520.221	21.41
520.470	20.65	520.721	21.41
520.971	20.65	521.222	21.41
521.472	20.65	521.723	21.30
521.973	20.75	522.223	21.41
522.473	20.65	522.724	21.41
522.974	20.65	523.225	21.41
523.475	20.65	523.726	21.30
523.976	20.65	524.226	21.41
524.476	20.65	524.727	21.41
524.977	20.65	525.228	21.30
525.478	20.65	525.728	21.41
525.978	20.65	526.228	21.41
526.479	20.75	526.729	21.30
526.980	20.65	527.230	21.41
527.481	20.65	527.731	21.41
527.981	20.65	528.231	21.30
528.482	20.65	528.732	21.41
528.983	20.65	529.233	21.30
529.484	20.65	529.733	21.30
529.984	20.85	530.234	21.30
530.485	20.65	530.735	21.30
530.986	20.65	531.236	21.41
531.487	20.65	531.736	21.41
531.986	20.65	532.237	21.41
532.487	20.65	532.738	21.20
532.988	20.65	533.239	21.10
533.488	20.65	533.739	21.10
533.989	20.65	534.240	21.00
534.490	20.65	534.741	21.00
534.991	20.65	535.242	21.10
535.491	20.65	535.742	21.00
535.992	20.75	536.243	21.00
536.493	20.75	536.744	21.00
536.994	20.65	537.245	21.00
537.494	20.65	537.745	20.89
537.995	20.65	538.245	20.89
538.496	20.65	538.746	20.89
538.997	20.65	539.246	20.89
539.497	20.65	539.747	20.79
539.998	20.65	540.248	20.89
540.499	20.65	540.749	20.79
541.000	20.65	541.249	21.10
541.500	20.75	541.750	20.79
542.001	20.65	542.251	21.10
542.502	20.65	542.752	20.79
543.002	20.65	543.252	20.89
543.503	20.65	543.753	20.79
544.004	20.65	544.254	20.79
544.504	20.65	544.755	20.79
545.004	20.65	545.255	20.79
545.505	20.65	545.756	20.79
546.006	20.65	546.257	20.89
546.507	20.65	546.757	20.79
547.007	20.65	547.258	20.69
547.508	20.65	547.759	20.79
548.009	20.65	548.260	20.79
548.510	20.65	548.760	20.79
549.010	20.65	549.261	20.79
549.511	20.65	549.762	20.79
550.012	20.65	550.263	20.69
550.512	20.65	550.762	20.69
551.013	20.65	551.263	20.69
551.514	20.65	551.764	20.69
552.015	20.55	552.265	20.69
552.515	20.65	552.765	20.69
553.016	20.65	553.266	20.69
553.517	20.65	553.767	20.69
554.018	20.65	554.268	20.69
