#Creator: pendulumviewEventBuffer
#Creation time: Sun Jan 11 01:39:54 2009
#Time A	Pos A	Time B	Pos B
#[s]	[au]	[s]	[au]
0.024	447	0.050	611
0.075	448	0.100	614
0.126	447	0.151	613
0.177	448	0.201	616
0.227	447	0.253	615
0.278	449	0.303	614
0.328	446	0.354	614
0.380	449	0.404	615
0.430	447	0.455	614
0.481	446	0.506	613
0.531	447	0.557	615
0.582	447	0.607	611
0.633	447	0.658	615
0.684	448	0.708	613
0.734	448	0.760	616
0.785	447	0.810	614
0.835	448	0.861	615
0.886	448	0.911	617
0.937	446	0.962	615
0.988	447	1.013	613
1.038	448	1.064	615
1.089	447	1.115	615
1.139	448	1.165	612
1.191	447	1.216	601
1.241	448	1.266	584
1.292	447	1.318	564
1.342	447	1.368	539
1.393	447	1.419	509
1.444	447	1.469	479
1.495	449	1.520	448
1.545	448	1.571	418
1.596	448	1.622	393
1.646	447	1.672	371
1.698	447	1.723	356
1.748	448	1.773	346
1.799	448	1.824	345
1.849	447	1.875	349
1.900	448	1.926	360
1.950	447	1.976	375
2.002	448	2.027	397
2.052	446	2.077	424
2.103	447	2.129	451
2.153	446	2.179	480
2.204	447	2.230	509
2.255	448	2.280	537
2.306	448	2.331	561
2.356	448	2.382	579
2.407	447	2.433	594
2.457	447	2.483	602
2.509	448	2.534	605
2.559	447	2.584	600
2.610	448	2.635	591
2.660	448	2.686	576
2.711	449	2.737	556
2.761	449	2.787	531
2.813	449	2.838	505
2.863	448	2.888	477
2.914	448	2.940	451
2.964	448	2.990	423
3.015	448	3.041	400
3.066	447	3.091	381
3.117	448	3.142	366
3.167	447	3.193	358
3.218	447	3.244	355
3.268	447	3.294	360
3.320	447	3.345	367
3.370	447	3.395	383
3.421	447	3.446	402
3.471	447	3.497	426
3.522	446	3.548	450
3.572	447	3.598	478
3.624	447	3.649	506
3.674	448	3.699	532
3.725	446	3.751	555
3.775	446	3.801	574
3.826	447	3.852	589
3.877	448	3.902	597
3.928	448	3.953	601
3.978	449	4.004	597
4.029	448	4.055	589
4.079	449	4.105	575
4.131	448	4.156	555
4.181	448	4.206	531
4.232	448	4.258	505
4.282	448	4.308	477
4.333	448	4.359	451
4.383	447	4.409	425
4.435	448	4.460	402
4.485	447	4.510	383
4.536	447	4.562	369
4.586	448	4.612	362
4.637	448	4.663	359
4.688	447	4.713	364
4.739	447	4.764	373
4.789	446	4.815	389
4.840	447	4.866	407
4.890	447	4.916	430
4.942	447	4.967	455
4.992	448	5.017	482
5.043	447	5.069	508
5.093	448	5.119	533
5.144	447	5.170	553
5.194	449	5.220	572
5.246	449	5.271	585
5.296	449	5.321	592
5.347	448	5.373	594
5.397	448	5.423	590
5.448	448	5.474	581
5.499	448	5.524	567
5.550	447	5.575	549
5.600	448	5.626	527
5.651	448	5.677	503
5.701	448	5.727	477
5.753	448	5.778	452
5.803	448	5.828	428
5.854	447	5.880	406
5.904	447	5.930	390
5.955	448	5.981	374
6.005	447	6.031	370
6.057	447	6.082	368
6.107	447	6.132	371
6.158	447	6.184	379
6.208	446	6.234	393
6.259	446	6.285	412
6.311	447	6.335	434
6.361	447	6.386	457
6.412	448	6.437	482
6.462	448	6.488	507
6.513	448	6.538	532
6.564	449	6.589	551
6.615	448	6.639	566
6.665	448	6.691	581
6.716	448	6.741	588
6.766	448	6.792	590
6.818	449	6.842	587
6.868	448	6.893	578
6.919	448	6.943	564
6.969	448	6.995	546
7.020	448	7.045	525
7.070	448	7.096	500
7.122	447	7.146	476
7.172	448	7.197	452
7.223	447	7.248	430
7.273	448	7.299	409
7.324	447	7.349	392
7.375	447	7.400	379
7.426	447	7.450	374
7.476	448	7.502	371
7.527	448	7.552	376
7.577	447	7.603	384
7.629	448	7.653	399
7.679	448	7.704	416
7.730	449	7.754	438
7.780	447	7.806	460
7.831	448	7.856	485
7.881	448	7.907	509
7.933	448	7.957	529
7.983	448	8.008	550
8.034	448	8.059	566
8.084	447	8.110	576
8.135	447	8.160	583
8.186	447	8.211	584
8.237	447	8.261	581
8.287	448	8.313	572
8.338	447	8.363	559
8.388	447	8.414	542
8.440	448	8.464	521
8.490	446	8.515	498
8.541	447	8.565	475
8.591	447	8.617	453
8.642	447	8.667	431
8.692	447	8.718	411
8.744	447	8.768	397
8.794	448	8.819	385
8.845	447	8.870	379
8.895	447	8.921	378
8.946	448	8.971	380
8.997	445	9.022	390
9.048	448	9.072	403
9.098	447	9.124	420
9.149	447	9.174	440
9.199	448	9.225	462
9.251	448	9.275	484
9.301	447	9.326	507
9.352	448	9.376	529
9.402	447	9.428	547
9.453	447	9.479	561
9.503	447	9.529	573
9.555	447	9.580	579
9.605	448	9.630	581
9.656	447	9.682	577
9.706	448	9.732	569
9.757	448	9.783	557
9.808	448	9.833	539
9.859	447	9.884	520
9.909	447	9.935	498
9.960	447	9.986	475
10.010	448	10.036	453
10.062	448	10.087	432
10.112	448	10.137	414
10.163	447	10.189	399
10.213	448	10.239	389
10.264	448	10.290	383
10.314	447	10.340	381
10.366	447	10.391	386
10.416	448	10.441	395
10.467	447	10.493	407
10.517	447	10.543	425
10.568	448	10.594	444
10.619	448	10.644	464
10.670	447	10.695	485
10.720	448	10.746	509
10.771	447	10.797	527
10.821	447	10.847	545
10.873	447	10.898	559
10.923	447	10.948	569
10.974	447	11.000	575
11.024	447	11.050	576
11.075	447	11.101	572
11.125	449	11.151	564
11.177	448	11.202	552
11.227	449	11.252	535
11.278	448	11.304	517
11.328	448	11.354	495
11.379	447	11.405	475
11.430	448	11.455	453
11.481	447	11.506	435
11.531	448	11.557	417
11.582	448	11.608	403
11.632	447	11.658	394
11.684	447	11.709	388
11.734	447	11.759	387
11.785	448	11.811	391
11.835	446	11.861	398
11.886	448	11.912	411
11.936	447	11.962	427
11.988	448	12.013	446
12.038	448	12.063	467
12.089	448	12.115	486
12.139	447	12.165	507
12.190	447	12.216	527
12.241	448	12.266	544
12.292	447	12.317	556
12.342	448	12.368	566
12.393	448	12.419	571
12.443	448	12.469	573
12.495	448	12.520	568
12.545	448	12.570	560
12.596	447	12.622	548
12.646	448	12.672	533
12.697	448	12.723	515
12.747	448	12.773	494
12.799	447	12.824	474
12.849	448	12.874	454
12.900	448	12.926	436
12.950	447	12.976	419
13.001	447	13.027	406
13.052	447	13.077	397
13.103	448	13.128	392
13.154	446	13.179	391
13.204	447	13.230	395
13.255	447	13.280	403
13.306	447	13.331	415
13.357	447	13.381	430
13.407	448	13.433	448
13.458	448	13.483	468
13.508	448	13.534	487
13.560	447	13.584	508
13.610	448	13.635	525
13.661	448	13.685	542
13.711	447	13.737	554
13.762	449	13.787	563
13.812	448	13.838	567
13.864	448	13.888	569
13.914	448	13.939	565
13.965	448	13.990	556
14.015	448	14.041	547
14.066	448	14.091	530
14.117	448	14.142	512
14.168	448	14.192	493
14.218	447	14.244	473
14.269	447	14.294	455
14.319	447	14.345	437
14.371	447	14.395	421
14.421	448	14.446	409
14.472	446	14.496	401
14.522	447	14.548	396
14.573	448	14.598	395
14.623	447	14.649	400
14.675	447	14.699	407
14.725	447	14.750	417
14.776	448	14.801	435
14.826	448	14.852	450
14.877	447	14.902	469
14.928	448	14.953	488
14.979	448	15.003	507
15.029	449	15.055	524
15.080	449	15.105	540
15.130	447	15.156	551
15.182	448	15.206	559
15.232	449	15.257	564
15.283	447	15.307	564
15.333	447	15.359	562
15.384	447	15.409	552
15.434	448	15.460	542
15.486	447	15.510	526
15.536	448	15.561	510
15.587	448	15.612	491
15.637	448	15.663	473
15.688	448	15.713	454
15.739	447	15.764	438
15.790	447	15.814	424
15.840	447	15.866	412
15.891	447	15.916	403
15.941	448	15.967	400
15.993	448	16.017	400
16.043	448	16.068	403
16.094	448	16.118	412
16.144	447	16.170	423
16.195	448	16.221	437
16.245	447	16.271	453
16.297	449	16.322	471
16.347	447	16.372	489
16.398	447	16.424	507
16.448	447	16.474	523
16.499	448	16.525	538
16.550	448	16.575	550
16.601	448	16.626	556
16.651	447	16.677	561
16.702	448	16.728	561
16.752	448	16.778	557
16.804	448	16.829	549
16.854	448	16.879	538
16.905	447	16.931	524
16.955	447	16.981	508
17.006	447	17.032	490
17.056	447	17.082	473
17.108	447	17.133	455
17.158	448	17.183	439
17.209	448	17.235	425
17.259	448	17.285	414
17.310	448	17.336	406
17.361	448	17.386	401
17.412	447	17.437	401
17.462	447	17.488	408
17.513	447	17.539	415
17.563	447	17.589	426
17.615	447	17.640	440
17.665	447	17.690	455
17.716	448	17.742	472
17.766	446	17.792	490
17.817	448	17.843	507
17.867	447	17.893	523
17.919	447	17.944	535
17.969	448	17.994	547
18.020	448	18.046	554
18.070	448	18.096	559
18.121	448	18.147	558
18.172	447	18.197	553
18.223	447	18.248	546
18.273	448	18.299	535
18.324	448	18.350	521
18.374	447	18.400	506
18.426	447	18.451	489
18.476	447	18.501	472
18.527	447	18.553	455
18.577	448	18.603	439
18.628	447	18.654	428
18.678	448	18.704	416
18.730	447	18.755	409
18.780	448	18.805	406
18.831	448	18.857	406
18.881	446	18.907	411
18.932	447	18.958	416
18.983	447	19.008	429
19.034	447	19.059	442
19.084	447	19.110	458
19.135	447	19.161	474
19.185	447	19.211	490
19.237	447	19.262	507
19.287	446	19.312	522
19.338	447	19.364	533
19.388	447	19.414	544
19.439	448	19.465	552
19.490	448	19.515	554
19.541	448	19.566	554
19.591	448	19.616	550
19.642	446	19.668	543
19.692	447	19.718	532
19.743	447	19.769	520
19.794	446	19.819	504
19.845	448	19.870	488
19.895	448	19.921	470
19.946	448	19.972	453
19.996	446	20.022	440
20.048	448	20.073	431
20.098	447	20.123	418
20.149	447	20.175	412
20.199	447	20.225	409
20.250	448	20.276	410
20.301	447	20.326	414
20.352	448	20.377	421
20.402	447	20.427	432
20.453	447	20.479	445
20.503	447	20.529	460
20.554	448	20.580	475
20.605	448	20.630	491
20.656	447	20.681	506
20.707	447	20.732	521
20.757	448	20.783	533
20.808	447	20.833	543
20.859	447	20.884	549
20.910	449	20.934	552
20.960	447	20.986	551
21.011	448	21.036	548
21.061	448	21.087	540
21.113	448	21.137	530
21.163	448	21.188	517
21.214	448	21.238	502
21.264	448	21.290	488
21.315	447	21.340	471
21.365	447	21.391	456
21.417	447	21.441	443
21.467	448	21.492	430
21.518	448	21.543	422
21.568	448	21.594	415
21.619	448	21.644	412
21.670	448	21.695	413
21.721	446	21.745	417
21.771	448	21.797	424
21.822	447	21.847	433
21.872	448	21.898	447
21.924	447	21.948	461
21.974	447	21.999	476
22.025	447	22.050	491
22.075	448	22.101	507
22.126	448	22.151	520
22.176	447	22.202	531
22.228	448	22.252	541
22.278	448	22.303	546
22.329	448	22.354	549
22.379	447	22.405	548
22.430	448	22.455	544
22.481	448	22.506	537
22.532	447	22.556	526
22.582	447	22.608	515
22.633	447	22.658	500
22.683	448	22.709	486
22.735	448	22.759	471
22.785	447	22.810	456
22.836	447	22.861	443
22.886	447	22.912	431
22.937	448	22.962	423
22.987	447	23.013	418
23.039	448	23.063	415
23.089	447	23.114	417
23.140	447	23.165	419
23.190	447	23.216	429
23.241	447	23.266	437
23.292	448	23.317	450
23.343	447	23.367	464
23.393	448	23.419	478
23.444	448	23.469	494
23.494	447	23.520	505
23.546	448	23.570	519
23.596	448	23.621	529
23.647	448	23.672	538
23.697	448	23.723	544
23.748	448	23.774	546
23.798	448	23.824	545
23.850	448	23.875	541
23.900	448	23.925	534
23.951	448	23.977	525
24.001	448	24.027	513
24.052	448	24.078	499
24.103	447	24.128	485
24.154	448	24.179	470
24.204	447	24.230	457
24.255	448	24.281	445
24.305	448	24.331	434
24.357	446	24.382	425
24.407	448	24.432	420
24.458	448	24.484	417
24.508	448	24.534	420
24.559	447	24.585	424
24.610	448	24.635	431
24.661	448	24.686	440
24.711	447	24.736	452
24.762	447	24.788	465
24.812	447	24.838	479
24.863	447	24.889	493
24.914	447	24.939	507
24.965	446	24.990	518
25.015	448	25.041	529
25.066	447	25.092	536
25.116	447	25.142	542
25.168	447	25.193	543
25.218	448	25.243	542
25.269	448	25.295	539
25.319	447	25.345	530
25.370	447	25.396	522
25.421	447	25.446	511
25.472	448	25.497	498
25.522	447	25.547	484
25.573	448	25.599	469
25.623	448	25.649	457
25.674	447	25.700	446
25.725	447	25.750	435
25.776	448	25.801	428
25.826	447	25.852	423
25.877	447	25.903	421
25.927	448	25.953	423
25.979	447	26.004	426
26.029	447	26.054	433
26.080	447	26.106	443
26.130	448	26.156	454
26.181	448	26.207	466
26.232	448	26.257	480
26.283	447	26.308	493
26.333	447	26.358	506
26.384	449	26.410	517
26.434	447	26.460	527
26.485	448	26.511	532
26.536	447	26.561	539
26.587	448	26.612	539
26.637	448	26.663	540
26.688	448	26.714	535
26.738	448	26.764	528
26.790	448	26.815	519
26.840	448	26.865	508
26.891	447	26.917	495
26.941	449	26.967	482
26.992	448	27.018	469
27.043	448	27.068	456
27.094	446	27.119	446
27.144	447	27.170	436
27.195	447	27.221	429
27.245	447	27.271	424
27.296	447	27.322	424
27.347	448	27.372	425
27.398	448	27.423	430
27.449	447	27.474	436
27.499	447	27.525	444
27.550	447	27.575	455
27.601	448	27.626	468
27.652	448	27.676	481
27.702	448	27.728	493
27.753	447	27.778	505
27.803	448	27.829	516
27.855	448	27.879	526
27.905	448	27.930	532
27.956	447	27.981	538
28.006	447	28.032	538
28.057	447	28.082	537
28.107	448	28.133	534
28.159	447	28.183	525
28.209	447	28.234	518
28.260	447	28.285	506
28.310	449	28.336	493
28.361	448	28.386	482
28.412	448	28.437	469
28.463	447	28.487	457
28.513	449	28.539	447
28.564	447	28.589	437
28.614	447	28.640	430
28.666	447	28.690	427
28.716	447	28.741	425
28.767	448	28.792	427
28.817	447	28.843	432
28.868	448	28.893	438
28.918	447	28.944	447
28.970	448	28.994	457
29.020	447	29.045	469
29.071	447	29.096	481
29.121	448	29.147	492
29.172	448	29.197	505
29.223	449	29.248	515
29.274	448	29.298	524
29.324	447	29.350	531
29.375	448	29.400	535
29.425	448	29.451	535
29.477	448	29.501	534
29.527	447	29.552	531
29.578	447	29.603	523
29.628	447	29.654	515
29.679	448	29.704	505
29.730	447	29.755	492
29.781	447	29.805	481
29.831	448	29.856	469
29.882	448	29.907	457
29.932	446	29.958	448
29.983	447	30.008	439
30.034	447	30.059	433
30.085	447	30.109	431
30.135	448	30.161	429
30.186	448	30.211	430
30.236	447	30.262	435
30.288	448	30.312	441
30.338	448	30.363	449
30.389	446	30.414	459
30.439	448	30.465	471
30.490	448	30.516	483
30.541	448	30.566	493
30.592	448	30.617	504
30.642	447	30.667	515
30.693	447	30.719	522
30.743	447	30.769	529
30.794	448	30.820	533
30.845	447	30.870	533
30.896	449	30.921	532
30.946	448	30.972	528
30.997	448	31.023	520
31.047	448	31.073	513
31.099	448	31.124	503
31.149	448	31.174	493
31.200	448	31.226	481
31.250	447	31.276	470
31.301	448	31.327	458
31.352	448	31.377	450
31.403	448	31.428	441
31.453	447	31.478	436
31.504	446	31.530	433
31.554	447	31.580	431
31.605	447	31.631	433
31.656	448	31.681	437
31.707	447	31.732	444
31.757	448	31.783	451
31.808	448	31.834	462
31.858	446	31.884	471
31.910	448	31.935	483
31.960	448	31.985	493
32.011	447	32.037	504
32.061	448	32.087	514
32.112	448	32.138	521
32.163	448	32.188	527
32.214	446	32.239	531
32.264	447	32.290	531
32.315	448	32.341	530
32.365	447	32.391	525
32.416	448	32.442	519
32.467	447	32.492	511
32.518	448	32.543	501
32.568	447	32.594	491
32.619	447	32.645	479
32.669	446	32.695	470
32.721	448	32.746	460
32.771	448	32.796	450
32.822	447	32.848	442
32.872	448	32.898	437
32.923	448	32.949	434
32.974	446	32.999	434
33.025	448	33.050	436
33.075	448	33.101	440
33.126	448	33.152	447
33.176	448	33.202	455
33.227	447	33.253	462
33.278	447	33.303	473
33.329	447	33.354	484
33.379	448	33.405	494
33.430	447	33.456	504
33.480	447	33.506	513
33.532	448	33.557	519
33.582	447	33.607	524
33.633	447	33.659	528
33.683	447	33.709	529
33.734	447	33.760	527
33.785	447	33.810	523
33.836	448	33.861	515
33.886	447	33.912	509
33.937	448	33.963	500
33.987	447	34.013	490
34.038	447	34.064	478
34.089	447	34.114	469
34.140	448	34.165	460
34.190	448	34.216	451
34.241	447	34.267	445
34.291	447	34.317	440
34.343	448	34.368	436
34.393	447	34.418	437
34.444	448	34.470	437
34.494	447	34.520	442
34.545	447	34.571	448
34.596	447	34.621	456
34.647	447	34.672	463
34.697	446	34.723	475
34.748	448	34.774	485
34.798	447	34.824	494
34.850	447	34.875	503
34.900	448	34.925	512
34.951	448	34.976	518
35.001	446	35.027	523
35.052	448	35.078	527
35.102	448	35.128	527
35.154	448	35.179	524
35.204	448	35.229	522
35.255	448	35.281	514
35.305	447	35.331	505
35.356	448	35.382	498
35.407	448	35.432	489
35.458	447	35.483	479
35.508	448	35.534	468
35.559	447	35.585	460
35.609	449	35.635	452
35.661	447	35.686	446
35.711	448	35.736	441
35.762	447	35.787	437
35.812	448	35.838	439
35.863	447	35.889	440
35.913	448	35.939	444
35.965	447	35.990	450
36.015	447	36.040	457
36.066	447	36.092	466
36.116	447	36.142	475
36.167	447	36.193	485
36.218	448	36.243	495
36.269	447	36.294	503
36.319	448	36.345	511
36.370	447	36.396	517
36.420	448	36.446	522
36.472	448	36.497	524
36.522	448	36.547	525
36.573	448	36.598	521
36.623	448	36.649	519
36.674	447	36.700	510
36.724	447	36.750	504
36.776	447	36.801	497
36.826	448	36.851	488
36.877	447	36.903	478
36.927	447	36.953	469
36.978	448	37.004	461
37.029	447	37.054	453
37.080	447	37.105	447
37.130	448	37.156	443
37.181	447	37.207	442
37.231	448	37.257	440
37.283	447	37.308	443
37.333	448	37.358	446
37.384	448	37.410	452
37.434	447	37.460	460
37.485	448	37.511	466
37.535	448	37.561	476
37.587	448	37.612	486
37.637	447	37.662	495
37.688	448	37.714	503
37.738	447	37.764	510
37.789	448	37.815	516
37.840	448	37.865	519
37.891	448	37.916	522
37.941	448	37.967	521
37.992	448	38.018	520
38.042	447	38.068	517
38.094	447	38.119	511
38.144	448	38.169	504
38.195	448	38.221	495
38.245	448	38.271	487
38.296	448	38.322	478
38.346	448	38.372	470
38.398	448	38.423	461
38.448	448	38.473	455
38.499	447	38.525	450
38.549	447	38.575	445
38.600	448	38.626	442
38.651	447	38.676	443
38.702	447	38.727	445
38.752	447	38.778	450
38.803	448	38.829	455
38.853	448	38.879	461
38.905	447	38.930	469
38.955	448	38.980	477
39.006	448	39.032	486
39.056	447	39.082	493
39.107	447	39.133	503
39.157	447	39.183	508
39.209	447	39.234	515
39.259	448	39.284	518
39.310	448	39.336	520
39.360	448	39.386	520
39.411	448	39.437	517
39.463	447	39.487	514
39.513	449	39.538	508
39.564	448	39.589	502
39.614	447	39.640	493
39.665	447	39.690	486
39.716	448	39.741	477
39.767	447	39.791	469
39.817	447	39.843	461
39.868	449	39.893	455
39.918	448	39.944	451
39.970	448	39.994	446
40.020	448	40.045	446
40.071	447	40.095	444
40.121	447	40.147	447
40.172	447	40.197	451
40.222	448	40.248	456
40.274	448	40.298	463
40.324	448	40.349	471
40.375	448	40.400	478
40.425	448	40.451	486
40.476	448	40.501	496
40.527	448	40.552	501
40.578	448	40.602	508
40.628	448	40.654	512
40.679	448	40.704	517
40.729	448	40.755	518
40.781	448	40.805	517
40.831	448	40.856	515
40.882	448	40.906	512
40.932	448	40.958	507
40.983	448	41.008	500
41.033	448	41.059	493
41.085	448	41.109	484
41.135	448	41.160	476
41.186	448	41.211	469
41.236	448	41.262	461
41.287	448	41.312	456
41.338	448	41.363	451
41.389	447	41.413	449
41.439	448	41.465	448
41.490	448	41.515	447
41.540	447	41.566	447
41.592	447	41.616	452
41.642	447	41.667	459
41.693	448	41.717	464
41.743	448	41.769	472
41.794	447	41.819	479
41.844	448	41.870	487
41.896	447	41.920	495
41.946	448	41.971	501
41.997	448	42.022	507
42.047	447	42.073	512
42.098	447	42.123	514
42.149	448	42.174	517
42.200	448	42.224	514
42.250	448	42.276	514
42.301	448	42.326	510
42.351	447	42.377	505
42.403	447	42.427	498
42.453	447	42.478	492
42.504	448	42.528	484
42.554	447	42.580	477
42.605	447	42.631	470
42.655	447	42.681	463
42.707	447	42.732	456
42.757	447	42.782	454
42.808	448	42.834	449
42.858	447	42.884	448
42.909	447	42.935	450
42.960	448	42.985	453
43.011	448	43.036	456
43.061	448	43.087	460
43.112	448	43.138	466
43.162	447	43.188	473
43.214	448	43.239	480
43.264	448	43.289	487
43.315	447	43.341	493
43.365	448	43.391	500
43.416	447	43.442	506
43.466	448	43.492	511
43.518	449	43.543	514
43.568	448	43.593	513
43.619	448	43.645	514
43.669	448	43.695	512
43.720	448	43.746	508
43.771	448	43.796	503
43.822	449	43.847	497
43.872	447	43.898	491
43.923	448	43.949	484
43.973	447	43.999	476
44.025	447	44.050	469
44.075	448	44.100	464
44.126	447	44.152	458
44.176	448	44.202	455
44.227	447	44.253	451
44.277	448	44.303	450
44.329	446	44.354	452
44.379	448	44.404	453
44.430	447	44.456	456
44.480	448	44.506	462
44.531	447	44.557	468
44.582	448	44.607	475
44.633	447	44.658	481
44.683	447	44.709	487
44.734	447	44.760	495
44.784	447	44.810	500
44.836	447	44.861	504
44.886	448	44.911	509
44.937	448	44.963	512
44.987	448	45.013	513
45.038	447	45.064	512
45.088	448	45.114	510
45.140	447	45.165	506
45.190	447	45.215	502
45.241	448	45.267	495
45.291	447	45.317	490
45.342	447	45.368	482
45.393	447	45.418	478
45.444	448	45.469	470
45.494	448	45.520	464
45.545	447	45.571	459
45.595	447	45.621	455
45.647	447	45.672	453
45.697	447	45.722	452
45.748	447	45.774	453
45.798	448	45.824	455
45.849	448	45.875	458
45.899	448	45.925	464
45.951	446	45.976	469
46.001	447	46.026	475
46.052	447	46.078	482
46.102	448	46.128	489
46.153	448	46.179	494
46.204	448	46.229	499
46.255	447	46.280	504
46.306	447	46.331	506
46.356	447	46.382	509
46.407	447	46.432	509
46.458	448	46.483	509
46.509	447	46.533	506
46.559	447	46.585	504
46.610	448	46.635	501
46.660	447	46.686	493
46.712	448	46.736	488
46.762	448	46.787	482
46.813	447	46.837	477
46.863	448	46.889	470
46.914	448	46.939	465
46.964	447	46.990	460
47.016	448	47.040	458
47.066	447	47.091	455
47.117	449	47.142	455
47.167	447	47.193	455
47.218	447	47.243	457
47.269	447	47.294	461
47.320	448	47.344	465
47.370	447	47.396	470
47.421	448	47.446	477
47.471	447	47.497	481
47.523	447	47.547	488
47.573	448	47.598	494
47.624	448	47.648	498
47.674	449	47.700	503
47.725	448	47.750	505
47.775	448	47.801	508
47.827	447	47.851	508
47.877	448	47.902	507
47.928	448	47.953	505
47.978	448	48.004	502
48.029	447	48.054	497
48.080	448	48.105	492
48.131	448	48.155	488
48.181	447	48.207	481
48.232	447	48.257	475
48.282	447	48.308	469
48.334	448	48.358	465
48.384	445	48.409	461
48.435	448	48.459	458
48.485	447	48.511	457
48.536	447	48.561	456
48.586	447	48.612	457
48.638	448	48.662	459
48.688	447	48.713	463
48.739	447	48.764	466
48.789	448	48.815	472
48.840	448	48.865	478
48.891	448	48.916	483
48.942	447	48.966	488
48.992	447	49.018	494
49.043	448	49.068	499
49.093	448	49.119	501
49.145	448	49.169	505
49.195	447	49.220	506
49.246	447	49.270	507
49.296	448	49.322	505
49.347	448	49.373	504
49.397	448	49.423	499
49.449	447	49.474	497
49.499	448	49.524	492
49.550	447	49.576	487
49.600	447	49.626	481
49.651	447	49.677	475
49.702	446	49.727	471
49.753	448	49.778	466
49.803	447	49.829	462
49.854	448	49.880	460
49.904	447	49.930	459
49.956	447	49.981	457
50.006	447	50.031	459
50.057	448	50.083	461
50.107	448	50.133	465
50.158	447	50.184	468
50.208	447	50.234	474
50.260	448	50.285	478
50.310	448	50.335	483
50.361	447	50.387	488
50.411	448	50.437	493
50.462	447	50.488	498
50.513	448	50.538	501
50.564	448	50.589	503
50.614	448	50.640	505
50.665	447	50.691	506
50.715	447	50.741	503
50.767	447	50.792	502
50.817	447	50.842	498
50.868	448	50.894	495
50.918	448	50.944	490
50.969	448	50.995	485
51.019	446	51.045	480
51.071	448	51.096	476
51.121	447	51.146	470
51.172	448	51.198	467
51.222	448	51.248	464
51.273	447	51.299	460
51.324	448	51.349	461
51.375	448	51.400	459
51.425	448	51.451	461
51.476	447	51.502	463
51.526	448	51.552	465
51.578	447	51.603	470
51.628	448	51.653	474
51.679	448	51.705	479
51.729	447	51.755	484
51.780	447	51.806	488
51.830	448	51.856	493
51.882	447	51.907	497
51.932	448	51.957	500
51.983	448	52.009	502
52.033	448	52.059	502
52.084	447	52.110	504
52.135	448	52.160	500
52.186	447	52.211	500
52.236	448	52.262	496
52.287	448	52.313	493
52.337	446	52.363	489
52.389	447	52.414	484
52.439	448	52.464	480
52.490	447	52.516	475
52.540	448	52.566	471
52.591	448	52.617	467
52.642	448	52.667	464
52.693	448	52.718	463
52.743	447	52.768	462
52.794	448	52.820	462
52.844	448	52.870	463
52.895	448	52.921	465
52.946	447	52.971	468
52.997	447	53.022	472
53.047	447	53.073	475
53.098	448	53.124	480
53.148	448	53.174	485
53.200	448	53.225	489
53.250	447	53.275	492
53.301	447	53.327	496
53.351	448	53.377	499
53.402	447	53.428	500
53.453	446	53.478	501
53.504	447	53.529	501
53.554	448	53.579	500
53.605	448	53.631	497
53.655	447	53.681	495
53.706	448	53.732	492
53.757	448	53.782	489
53.808	448	53.833	483
53.859	447	53.884	479
53.909	448	53.935	475
53.960	447	53.985	472
54.011	448	54.036	468
54.062	447	54.086	466
54.112	447	54.138	463
54.163	448	54.188	464
54.213	448	54.239	463
54.265	448	54.289	465
54.315	448	54.340	467
54.366	447	54.390	470
54.416	447	54.442	473
54.467	448	54.492	477
54.517	446	54.543	481
54.569	447	54.593	485
54.619	447	54.644	488
54.670	447	54.695	492
54.720	447	54.746	496
54.771	447	54.796	499
54.822	448	54.847	499
54.873	447	54.897	499
54.923	447	54.949	499
54.974	448	54.999	497
55.024	447	55.050	496
55.076	448	55.100	493
55.126	447	55.151	490
55.177	448	55.202	487
55.227	447	55.253	483
55.278	448	55.303	479
55.328	447	55.354	476
55.380	447	55.404	471
55.430	447	55.455	468
55.481	448	55.506	467
55.531	447	55.557	464
55.582	447	55.607	466
55.633	447	55.658	466
55.684	448	55.708	467
55.734	447	55.760	468
55.785	448	55.810	472
55.835	445	55.861	475
55.887	448	55.911	478
55.937	447	55.962	482
55.988	448	56.013	485
56.038	446	56.064	490
56.089	448	56.114	491
56.139	447	56.165	496
56.191	448	56.215	497
56.241	448	56.266	497
56.292	447	56.317	498
56.342	448	56.368	497
56.393	447	56.418	496
56.444	447	56.469	494
56.495	448	56.519	491
56.545	448	56.571	489
56.596	448	56.621	484
56.646	447	56.672	481
56.698	447	56.722	479
56.748	447	56.773	475
56.799	447	56.824	472
56.849	447	56.875	470
56.900	448	56.926	468
56.950	448	56.976	467
57.002	447	57.027	468
57.052	447	57.077	465
57.103	447	57.129	469
57.153	447	57.179	471
57.204	447	57.230	473
57.255	448	57.280	476
57.306	448	57.331	479
57.356	448	57.382	482
57.407	448	57.433	486
57.457	446	57.483	489
57.509	448	57.534	492
57.559	448	57.584	495
57.610	447	57.636	496
57.660	447	57.686	496
57.711	447	57.737	496
57.762	448	57.787	495
57.813	447	57.838	494
57.863	448	57.888	493
57.914	448	57.940	490
57.964	447	57.990	488
58.015	447	58.041	483
58.066	447	58.091	480
58.117	447	58.142	478
58.167	449	58.193	473
58.218	448	58.244	473
58.268	447	58.294	470
58.320	447	58.345	470
58.370	448	58.395	468
58.421	448	58.447	468
58.471	447	58.497	469
58.522	448	58.548	470
58.573	447	58.598	471
58.624	449	58.649	474
58.674	448	58.699	477
58.725	448	58.751	481
58.775	448	58.801	483
58.826	448	58.852	485
58.877	447	58.902	490
58.928	447	58.953	491
58.978	448	59.004	492
59.029	447	59.055	494
59.079	447	59.105	494
59.131	446	59.156	495
59.181	447	59.206	494
59.232	447	59.258	493
59.282	448	59.308	491
59.333	448	59.359	489
59.384	448	59.409	486
59.435	448	59.460	484
59.485	448	59.510	481
59.536	447	59.562	478
59.586	448	59.612	475
59.637	448	59.663	474
59.688	448	59.713	471
59.739	448	59.764	471
59.789	447	59.815	471
59.840	448	59.866	470
59.890	447	59.916	470
59.942	448	59.967	472
59.992	447	60.017	474
60.043	447	60.069	475
60.093	448	60.119	479
60.144	447	60.170	481
60.195	448	60.220	484
60.246	448	60.271	487
60.296	447	60.322	489
60.347	447	60.373	491
60.397	447	60.423	492
60.448	448	60.474	493
60.499	448	60.524	494
60.550	447	60.575	493
60.601	448	60.626	493
60.651	447	60.677	491
60.702	448	60.727	489
60.753	447	60.778	488
60.804	448	60.828	485
60.854	448	60.880	482
60.905	448	60.930	480
60.955	448	60.981	478
61.007	448	61.031	475
61.057	448	61.082	473
61.108	447	61.133	473
61.158	448	61.184	472
61.209	448	61.234	471
61.259	447	61.285	470
61.311	447	61.335	472
61.361	447	61.386	474
61.412	448	61.437	476
61.462	447	61.488	477
61.513	448	61.538	479
61.564	447	61.589	482
61.615	447	61.639	485
61.665	448	61.691	487
61.716	448	61.741	489
61.766	448	61.792	490
61.818	447	61.842	491
61.868	447	61.893	492
61.919	448	61.944	492
61.969	447	61.995	492
62.020	448	62.045	491
62.070	448	62.096	490
62.122	447	62.146	488
62.172	447	62.197	487
62.223	447	62.248	485
62.273	448	62.299	482
62.324	448	62.349	479
62.375	447	62.400	478
62.426	447	62.450	476
62.476	448	62.502	474
62.527	448	62.552	472
62.577	448	62.603	472
62.629	447	62.653	473
62.679	447	62.704	473
62.730	448	62.755	474
62.780	448	62.806	477
62.831	448	62.856	479
62.882	447	62.907	478
62.933	447	62.957	482
62.983	447	63.008	483
63.034	448	63.059	486
63.084	448	63.110	487
63.135	448	63.160	488
63.186	447	63.211	489
63.237	448	63.261	491
63.287	447	63.313	491
63.338	448	63.363	491
63.388	448	63.414	490
63.440	448	63.464	489
63.490	446	63.515	488
63.541	447	63.566	485
63.591	448	63.617	485
63.642	448	63.668	482
63.693	447	63.718	481
63.744	448	63.769	478
63.794	448	63.819	478
63.845	447	63.871	476
63.895	448	63.921	475
63.946	447	63.972	473
63.997	447	64.022	473
64.048	448	64.073	475
64.098	447	64.124	474
64.149	448	64.175	476
64.199	448	64.225	478
64.251	448	64.276	478
64.301	447	64.326	480
64.352	448	64.378	481
64.402	448	64.428	484
64.453	447	64.479	486
64.504	447	64.529	486
64.555	448	64.580	489
64.605	448	64.630	489
64.656	447	64.682	490
64.706	447	64.732	490
64.757	447	64.783	489
64.808	447	64.833	489
64.859	448	64.884	487
64.909	447	64.935	486
64.960	448	64.986	485
65.010	447	65.036	484
65.062	448	65.087	482
65.112	447	65.137	480
65.163	448	65.189	479
65.213	447	65.239	478
65.264	447	65.290	476
65.315	449	65.340	476
65.366	447	65.391	475
65.416	448	65.442	475
65.467	447	65.493	476
65.517	448	65.543	476
65.568	448	65.594	477
65.619	448	65.644	478
65.670	448	65.695	481
65.720	448	65.746	481
65.771	448	65.797	484
65.821	447	65.847	484
65.873	448	65.898	486
65.923	447	65.948	486
65.974	447	66.000	488
66.024	446	66.050	489
66.075	449	66.101	488
66.126	448	66.151	489
66.177	447	66.202	487
66.227	448	66.253	489
66.278	447	66.304	484
66.328	447	66.354	486
66.379	447	66.405	484
66.430	448	66.455	482
66.481	447	66.506	480
66.531	448	66.557	480
66.582	448	66.608	479
66.632	448	66.658	478
66.684	447	66.709	477
66.734	448	66.759	476
66.785	448	66.811	476
66.835	448	66.861	477
66.886	448	66.912	477
66.937	448	66.962	476
66.988	448	67.013	480
67.038	448	67.064	478
67.089	447	67.115	481
67.139	448	67.165	483
67.190	448	67.216	484
67.241	448	67.266	485
67.292	447	67.317	485
67.342	448	67.368	486
67.393	447	67.419	487
67.443	447	67.469	486
67.495	448	67.520	487
67.545	448	67.570	487
67.596	448	67.622	487
67.646	448	67.672	486
67.697	448	67.723	484
67.748	448	67.773	485
67.799	447	67.824	482
67.849	448	67.875	481
67.900	448	67.926	480
67.950	447	67.976	479
68.002	448	68.027	478
68.052	448	68.077	477
68.103	447	68.128	477
68.153	448	68.179	477
68.204	447	68.230	478
68.254	448	68.280	479
68.306	447	68.331	478
68.356	448	68.381	479
68.407	448	68.433	481
68.457	448	68.483	481
68.508	447	68.534	483
68.559	448	68.584	484
68.610	448	68.635	484
68.660	448	68.686	486
68.711	448	68.737	486
68.761	447	68.787	486
68.813	447	68.838	486
68.863	448	68.888	486
68.914	448	68.939	486
68.964	447	68.990	485
69.015	448	69.041	485
69.065	447	69.091	484
69.117	448	69.142	482
69.167	448	69.192	482
69.218	447	69.244	480
69.268	448	69.294	479
69.319	448	69.345	479
69.370	447	69.395	480
69.421	447	69.446	478
69.471	449	69.497	479
69.522	447	69.548	479
69.572	448	69.598	478
69.624	447	69.649	479
69.674	449	69.699	479
69.725	447	69.750	479
69.775	447	69.801	481
69.826	447	69.852	481
69.876	448	69.902	482
69.928	447	69.953	483
69.978	447	70.003	483
70.029	447	70.055	484
70.079	447	70.105	485
70.130	448	70.156	486
70.181	448	70.206	486
70.232	448	70.257	486
70.282	447	70.308	485
70.333	447	70.359	486
70.383	446	70.409	484
70.435	447	70.460	483
70.485	448	70.510	484
70.536	447	70.562	482
70.586	448	70.612	482
70.637	447	70.663	480
70.687	447	70.713	480
70.739	447	70.764	479
70.789	448	70.814	479
70.840	447	70.866	478
70.890	448	70.916	479
70.941	446	70.967	478
70.992	447	71.017	479
71.043	446	71.068	479
71.093	448	71.119	481
71.144	448	71.170	481
71.194	447	71.220	481
71.246	448	71.271	483
71.296	447	71.321	482
71.347	448	71.373	483
71.397	448	71.423	484
71.448	447	71.474	485
71.498	446	71.524	485
71.550	448	71.575	486
71.600	448	71.625	485
71.651	448	71.677	485
71.701	447	71.727	486
71.752	448	71.778	484
71.803	448	71.828	483
71.854	448	71.879	483
71.904	447	71.930	483
71.955	447	71.981	481
72.005	447	72.031	481
72.057	446	72.082	480
72.107	448	72.132	480
72.158	447	72.184	480
72.208	446	72.234	479
72.259	447	72.285	480
72.309	447	72.335	480
72.361	447	72.386	480
72.411	447	72.436	480
72.462	447	72.488	482
72.512	447	72.538	480
72.563	448	72.589	482
72.614	448	72.639	482
72.665	448	72.690	482
72.715	447	72.741	483
72.766	448	72.792	483
72.816	448	72.842	484
72.868	448	72.893	485
72.918	447	72.943	485
72.969	447	72.995	484
73.019	446	73.045	485
73.070	448	73.096	483
73.120	448	73.146	484
73.172	447	73.197	484
73.223	448	73.247	482
73.273	448	73.299	481
73.324	447	73.349	481
73.374	448	73.400	481
73.426	448	73.450	480
73.476	448	73.501	480
73.527	447	73.552	480
73.577	447	73.603	480
73.628	448	73.653	479
73.679	448	73.704	481
73.730	447	73.754	479
73.780	448	73.806	481
73.831	447	73.856	480
73.881	448	73.907	483
73.933	448	73.957	482
73.983	448	74.008	483
74.034	447	74.058	483
74.084	448	74.110	484
74.135	446	74.160	484
74.185	447	74.211	484
74.237	446	74.261	483
74.287	448	74.312	485
74.338	448	74.363	484
74.388	448	74.414	484
74.439	447	74.464	484
74.490	447	74.515	480
74.541	447	74.565	483
74.591	448	74.617	482
74.642	447	74.667	480
74.692	447	74.718	481
74.744	448	74.768	481
74.794	447	74.819	480
74.845	447	74.869	480
74.895	446	74.921	479
74.946	448	74.971	480
74.996	448	75.022	480
75.048	448	75.072	481
75.098	447	75.123	480
75.149	448	75.174	481
75.199	448	75.225	482
75.250	448	75.275	482
75.301	447	75.326	482
75.352	448	75.376	482
75.402	448	75.428	483
75.453	447	75.478	483
75.503	448	75.529	484
75.555	449	75.579	484
75.605	447	75.630	484
75.656	448	75.680	484
75.706	447	75.732	483
75.757	447	75.782	483
75.807	448	75.833	483
75.859	448	75.883	482
75.909	448	75.934	482
75.960	448	75.985	482
76.010	447	76.036	482
76.061	448	76.086	480
76.112	448	76.137	481
76.163	448	76.188	481
76.213	448	76.239	481
76.264	446	76.290	480
76.314	447	76.340	480
76.366	448	76.391	480
76.416	448	76.441	481
76.467	448	76.493	480
76.517	448	76.543	481
76.568	447	76.594	481
76.618	447	76.644	483
76.670	446	76.695	483
76.720	447	76.745	483
76.771	448	76.797	482
76.821	448	76.847	484
76.872	448	76.898	483
76.923	448	76.948	484
76.974	447	76.999	484
77.024	447	77.050	484
77.075	447	77.101	483
77.125	448	77.151	483
77.177	448	77.202	482
77.227	448	77.252	482
77.278	448	77.304	481
77.328	447	77.354	482
77.379	448	77.405	481
77.429	447	77.455	480
77.481	448	77.506	482
77.531	447	77.556	481
77.582	448	77.608	481
77.632	446	77.658	480
77.683	448	77.709	482
77.734	448	77.759	482
77.785	447	77.810	480
77.835	447	77.861	481
77.886	448	77.912	482
77.936	448	77.962	482
77.988	448	78.013	483
78.038	448	78.063	482
78.089	448	78.115	484
78.139	448	78.165	483
78.190	447	78.216	484
78.240	447	78.266	483
78.292	447	78.317	483
78.342	449	78.367	483
78.393	447	78.419	483
78.443	448	78.469	482
78.494	448	78.520	483
78.545	448	78.570	481
78.596	447	78.621	482
78.646	447	78.672	482
78.697	448	78.723	482
78.747	448	78.773	482
78.799	448	78.824	481
78.849	447	78.874	481
78.900	448	78.926	481
78.950	446	78.976	482
79.001	448	79.027	481
79.051	448	79.077	481
79.103	447	79.128	481
79.153	447	79.178	483
79.204	447	79.230	482
79.254	447	79.280	482
79.305	448	79.331	481
79.356	447	79.381	482
79.407	447	79.432	483
79.458	448	79.483	483
79.508	447	79.534	483
79.559	448	79.584	483
79.610	447	79.635	484
79.661	448	79.685	483
79.711	448	79.737	483
79.762	447	79.787	481
79.812	448	79.838	484
79.864	448	79.888	483
79.914	448	79.939	482
79.965	448	79.989	481
80.015	447	80.041	482
80.066	448	80.091	481
80.116	448	80.142	481
80.168	448	80.192	481
80.218	447	80.243	480
80.269	448	80.294	481
80.319	446	80.345	482
80.370	448	80.395	481
80.421	448	80.446	481
80.472	448	80.496	483
80.522	448	80.548	482
80.573	448	80.598	484
80.623	447	80.649	482
80.675	447	80.699	482
80.725	447	80.750	483
80.776	448	80.800	482
80.826	447	80.852	483
80.877	448	80.902	483
80.927	447	80.953	483
80.979	448	81.003	483
81.029	447	81.054	483
81.080	447	81.105	482
81.130	448	81.156	483
81.181	448	81.206	482
81.232	448	81.257	482
81.283	448	81.307	482
81.333	447	81.359	482
81.384	448	81.409	482
81.434	448	81.460	481
81.486	447	81.510	482
81.536	449	81.561	481
81.587	447	81.611	480
81.637	448	81.663	481
81.688	448	81.713	481
81.738	448	81.764	482
81.790	447	81.814	483
81.840	447	81.865	481
81.891	447	81.916	482
81.941	447	81.967	483
81.992	448	82.017	482
82.043	446	82.068	483
82.094	447	82.118	483
82.144	446	82.170	483
82.195	447	82.220	483
82.245	447	82.271	483
82.297	448	82.321	483
82.347	446	82.372	482
82.398	448	82.422	482
82.448	448	82.474	482
82.499	448	82.525	483
82.549	448	82.575	482
82.601	448	82.626	481
82.651	448	82.676	482
82.702	446	82.728	480
82.752	448	82.778	481
82.803	448	82.829	482
82.854	447	82.879	480
82.905	447	82.930	481
82.955	448	82.981	481
83.006	447	83.032	481
83.056	449	83.082	482
83.108	447	83.133	483
83.158	448	83.183	483
83.209	447	83.235	482
83.259	448	83.285	483
83.310	447	83.336	483
83.360	448	83.386	483
83.412	447	83.437	483
83.462	448	83.487	483
83.513	448	83.539	482
83.563	447	83.589	484
83.614	448	83.640	484
83.665	447	83.690	482
83.716	447	83.741	483
83.766	448	83.792	483
83.817	447	83.843	482
83.867	447	83.893	482
83.919	447	83.944	482
83.969	448	83.994	482
84.020	447	84.046	481
84.070	447	84.096	482
84.121	447	84.147	481
84.171	448	84.197	482
84.223	447	84.248	482
84.273	447	84.298	482
84.324	448	84.350	482
84.374	446	84.400	481
