#Creator: pendulumviewEventBuffer
#Creation time: Sun Jan 11 01:39:54 2009
#Time A	Pos A	Time B	Pos B
#[s]	[au]	[s]	[au]
0.024	410	0.050	414
0.075	409	0.101	422
0.126	406	0.151	416
0.177	409	0.202	421
0.228	411	0.253	419
0.278	410	0.304	421
0.329	407	0.354	418
0.380	409	0.405	421
0.431	409	0.455	418
0.481	411	0.507	416
0.532	410	0.557	420
0.582	410	0.608	416
0.634	410	0.658	418
0.684	411	0.709	412
0.735	411	0.759	423
0.785	411	0.811	419
0.836	412	0.861	423
0.886	411	0.912	432
0.938	411	0.962	448
0.988	411	1.013	467
1.039	411	1.064	489
1.089	410	1.115	513
1.140	411	1.165	540
1.191	411	1.216	564
1.242	413	1.266	586
1.292	413	1.318	607
1.343	414	1.368	622
1.393	415	1.419	633
1.445	416	1.469	637
1.495	417	1.520	635
1.546	418	1.571	631
1.596	420	1.622	619
1.647	420	1.672	601
1.697	421	1.723	582
1.749	423	1.773	560
1.799	423	1.824	536
1.850	423	1.875	511
1.900	424	1.926	488
1.951	422	1.976	466
2.002	421	2.027	449
2.053	418	2.077	436
2.103	415	2.129	425
2.154	413	2.179	423
2.204	410	2.230	424
2.256	408	2.280	433
2.306	404	2.331	445
2.357	404	2.382	463
2.407	401	2.433	483
2.458	401	2.483	506
2.508	400	2.534	530
2.560	400	2.584	554
2.610	401	2.635	576
2.661	402	2.686	596
2.711	406	2.737	613
2.762	408	2.787	624
2.813	412	2.838	630
2.864	416	2.888	632
2.914	420	2.940	628
2.965	423	2.990	618
3.015	427	3.041	605
3.067	428	3.091	587
3.117	433	3.142	566
3.168	433	3.193	542
3.218	434	3.244	519
3.269	433	3.295	497
3.319	431	3.345	476
3.371	428	3.396	459
3.421	425	3.446	444
3.472	420	3.498	434
3.522	416	3.548	428
3.573	410	3.599	428
3.624	405	3.649	434
3.675	401	3.700	444
3.725	397	3.751	459
3.776	393	3.802	478
3.826	390	3.852	499
3.878	389	3.903	521
3.928	390	3.953	544
3.979	390	4.005	566
4.029	392	4.055	586
4.080	396	4.106	603
4.131	402	4.156	616
4.182	408	4.207	623
4.232	414	4.257	627
4.283	421	4.309	625
4.333	427	4.359	618
4.384	432	4.410	606
4.435	438	4.460	591
4.486	442	4.511	572
4.536	443	4.562	550
4.587	444	4.613	528
4.637	444	4.663	505
4.689	441	4.714	485
4.739	438	4.764	467
4.790	433	4.816	451
4.840	426	4.866	440
4.891	420	4.917	435
4.942	412	4.967	432
4.993	404	5.018	436
5.043	398	5.068	445
5.094	391	5.120	458
5.144	386	5.170	474
5.195	382	5.221	493
5.246	380	5.271	514
5.297	378	5.322	536
5.347	380	5.373	557
5.398	383	5.424	576
5.448	387	5.474	593
5.500	394	5.525	605
5.550	401	5.575	616
5.601	409	5.627	619
5.651	418	5.677	620
5.702	427	5.728	614
5.753	436	5.778	605
5.804	441	5.829	592
5.854	448	5.879	575
5.905	450	5.931	556
5.955	454	5.981	536
6.006	454	6.032	515
6.057	452	6.082	495
6.108	448	6.133	479
6.158	442	6.184	462
6.209	434	6.235	452
6.259	426	6.285	444
6.311	416	6.336	441
6.361	406	6.386	442
6.412	398	6.438	448
6.462	388	6.488	459
6.513	381	6.539	473
6.564	376	6.589	488
6.615	370	6.640	508
6.665	369	6.691	528
6.716	371	6.742	548
6.766	372	6.792	567
6.817	379	6.843	583
6.868	386	6.893	596
6.919	394	6.944	605
6.970	404	6.995	611
7.020	415	7.046	613
7.071	426	7.096	609
7.122	436	7.147	603
7.173	445	7.197	592
7.223	452	7.249	576
7.274	459	7.299	560
7.324	461	7.350	542
7.376	464	7.400	524
7.426	461	7.451	504
7.477	458	7.502	488
7.527	451	7.553	473
7.578	442	7.603	461
7.628	432	7.654	454
7.680	421	7.704	449
7.730	410	7.755	450
7.781	398	7.806	452
7.831	388	7.857	461
7.882	378	7.907	473
7.933	370	7.958	487
7.984	366	8.008	504
8.034	363	8.060	521
8.085	361	8.110	540
8.135	364	8.161	557
8.187	369	8.211	572
8.237	376	8.262	585
8.288	387	8.313	595
8.338	398	8.364	601
8.389	410	8.414	604
8.439	422	8.465	604
8.491	434	8.515	598
8.541	445	8.566	589
8.592	455	8.617	576
8.642	462	8.668	562
8.693	467	8.718	547
8.744	471	8.769	530
8.795	470	8.819	513
8.845	466	8.871	497
8.896	459	8.921	483
8.946	451	8.972	473
8.998	441	9.022	464
9.048	428	9.073	459
9.099	415	9.124	458
9.149	402	9.175	460
9.200	388	9.225	466
9.251	377	9.276	476
9.302	367	9.326	487
9.352	361	9.377	501
9.403	356	9.428	516
9.453	355	9.479	532
9.504	355	9.529	548
9.555	360	9.580	562
9.606	368	9.630	574
9.656	378	9.682	583
9.707	390	9.732	591
9.757	404	9.783	594
9.809	418	9.833	595
9.859	432	9.884	592
9.910	445	9.935	585
9.960	457	9.986	576
10.011	467	10.037	564
10.062	473	10.087	550
10.113	476	10.138	536
10.163	476	10.188	520
10.214	474	10.240	507
10.264	467	10.290	493
10.315	459	10.341	483
10.366	448	10.391	476
10.417	434	10.442	469
10.467	420	10.493	468
10.518	405	10.544	467
10.568	391	10.594	472
10.620	378	10.645	479
10.670	366	10.695	489
10.721	356	10.747	501
10.771	351	10.797	512
10.822	349	10.848	526
10.873	349	10.898	540
10.924	352	10.949	552
10.974	360	10.999	563
11.025	371	11.051	573
11.075	383	11.101	579
11.126	397	11.152	585
11.177	412	11.202	584
11.228	428	11.253	583
11.278	443	11.304	579
11.329	456	11.355	571
11.379	466	11.405	562
11.431	476	11.456	551
11.481	480	11.506	539
11.532	483	11.558	526
11.582	481	11.608	515
11.633	475	11.659	503
11.684	467	11.709	494
11.735	456	11.760	486
11.785	442	11.811	481
11.836	426	11.862	477
11.886	411	11.912	478
11.937	395	11.963	479
11.988	380	12.013	484
12.039	367	12.064	492
12.089	356	12.115	501
12.140	348	12.166	511
12.190	344	12.216	521
12.242	344	12.267	534
12.292	347	12.317	544
12.343	353	12.369	554
12.393	362	12.419	562
12.444	375	12.470	569
12.495	390	12.520	573
12.546	406	12.571	575
12.596	423	12.622	574
12.647	438	12.673	572
12.697	454	12.723	567
12.748	466	12.774	559
12.799	477	12.824	551
12.850	484	12.875	541
12.900	486	12.926	532
12.951	485	12.977	521
13.001	481	13.027	512
13.053	473	13.078	504
13.103	462	13.128	496
13.154	449	13.180	491
13.204	433	13.230	489
13.255	417	13.281	487
13.306	400	13.331	488
13.357	384	13.382	492
13.407	369	13.433	497
13.458	357	13.484	503
13.508	348	13.534	512
13.559	342	13.585	520
13.610	341	13.635	529
13.661	341	13.686	537
13.711	348	13.737	545
13.762	356	13.788	552
13.812	368	13.838	558
13.864	383	13.889	562
13.914	399	13.939	564
13.965	416	13.991	563
14.015	433	14.041	562
14.066	449	14.092	559
14.117	464	14.142	555
14.168	475	14.193	548
14.218	484	14.244	541
14.269	487	14.295	534
14.319	489	14.345	527
14.371	487	14.396	520
14.421	479	14.446	513
14.472	469	14.497	507
14.522	456	14.548	504
14.573	441	14.599	500
14.623	423	14.649	499
14.675	406	14.700	497
14.725	389	14.750	502
14.776	373	14.802	504
14.826	359	14.852	509
14.877	349	14.903	513
14.928	342	14.953	519
14.979	339	15.004	526
15.029	338	15.055	532
15.080	343	15.106	538
15.130	351	15.156	542
15.182	362	15.207	547
15.232	377	15.257	551
15.283	394	15.308	553
15.333	410	15.359	554
15.384	427	15.410	553
15.434	445	15.460	551
15.486	460	15.511	549
15.536	473	15.561	544
15.587	482	15.613	539
15.637	489	15.663	534
15.688	492	15.714	529
15.739	489	15.764	525
15.790	484	15.815	520
15.840	473	15.866	516
15.891	462	15.917	514
15.941	447	15.967	511
15.993	431	16.018	510
16.043	412	16.068	509
16.094	395	16.119	511
16.144	378	16.170	512
16.195	364	16.221	514
16.245	351	16.271	517
16.297	342	16.322	522
16.347	339	16.372	525
16.398	336	16.424	528
16.448	341	16.474	531
16.499	347	16.525	535
16.550	358	16.575	538
16.601	371	16.626	540
16.651	386	16.677	541
16.702	403	16.728	542
16.752	421	16.778	542
16.804	439	16.829	541
16.854	455	16.879	540
16.905	469	16.931	538
16.955	480	16.981	537
17.006	488	17.032	534
17.056	490	17.082	531
17.108	490	17.133	528
17.158	486	17.183	526
17.209	479	17.235	524
17.259	465	17.285	523
17.310	453	17.336	521
17.361	435	17.386	520
17.412	420	17.437	521
17.462	400	17.488	520
17.513	384	17.539	521
17.563	369	17.589	522
17.615	356	17.640	524
17.665	346	17.690	525
17.716	340	17.742	526
17.766	337	17.792	526
17.817	339	17.843	529
17.867	344	17.893	529
17.919	353	17.944	530
17.969	367	17.994	530
18.020	380	18.046	532
18.070	398	18.096	532
18.121	415	18.147	532
18.172	432	18.197	531
18.223	449	18.248	531
18.273	464	18.299	531
18.324	475	18.350	530
18.374	484	18.400	529
18.426	489	18.451	531
18.476	489	18.501	530
18.527	487	18.553	530
18.577	480	18.603	530
18.628	469	18.654	529
18.678	455	18.704	530
18.730	442	18.755	530
18.780	425	18.805	530
18.831	408	18.857	530
18.881	390	18.907	530
18.932	375	18.958	531
18.984	361	19.008	529
19.034	351	19.059	528
19.085	343	19.110	529
19.135	339	19.161	528
19.186	340	19.211	527
19.237	343	19.262	525
19.288	352	19.312	525
19.338	362	19.364	524
19.389	377	19.414	523
19.439	393	19.465	523
19.491	410	19.515	523
19.541	425	19.566	523
19.592	443	19.616	524
19.642	458	19.668	526
19.693	470	19.718	526
19.743	479	19.769	529
19.795	485	19.819	529
19.845	488	19.870	531
19.896	486	19.921	532
19.946	480	19.972	535
19.997	471	20.022	536
20.048	459	20.073	537
20.099	445	20.123	538
20.149	431	20.175	538
20.200	414	20.225	538
20.250	397	20.276	537
20.302	381	20.326	534
20.352	367	20.377	534
20.403	356	20.427	533
20.453	348	20.479	529
20.504	343	20.529	528
20.554	341	20.580	525
20.606	346	20.630	522
20.656	350	20.681	519
20.707	359	20.732	518
20.757	373	20.783	517
20.808	388	20.833	515
20.859	404	20.884	515
20.910	420	20.934	516
20.960	436	20.986	518
21.011	451	21.036	519
21.061	464	21.087	522
21.113	474	21.137	524
21.163	481	21.188	529
21.214	485	21.238	531
21.264	484	21.290	534
21.315	480	21.340	537
21.365	473	21.391	540
21.417	463	21.441	542
21.467	451	21.492	543
21.518	434	21.543	545
21.568	419	21.594	544
21.619	404	21.644	544
21.670	388	21.695	542
21.721	374	21.745	539
21.771	362	21.797	535
21.822	353	21.847	533
21.872	347	21.898	527
21.924	345	21.948	524
21.974	347	21.999	520
22.025	351	22.049	516
22.075	360	22.101	513
22.126	371	22.152	512
22.176	384	22.202	510
22.228	399	22.253	508
22.278	414	22.303	511
22.329	429	22.355	510
22.379	444	22.405	514
22.430	456	22.456	516
22.481	467	22.506	521
22.532	476	22.557	526
22.582	479	22.608	529
22.633	481	22.659	535
22.683	477	22.709	540
22.735	472	22.760	543
22.785	464	22.810	547
22.836	451	22.862	549
22.886	439	22.912	551
22.937	424	22.963	551
22.987	409	23.013	549
23.039	395	23.064	548
23.089	381	23.114	545
23.140	369	23.166	541
23.190	360	23.216	536
23.241	352	23.267	531
23.292	350	23.317	526
23.343	350	23.368	520
23.393	353	23.419	516
23.444	361	23.470	511
23.494	369	23.520	507
23.546	381	23.571	505
23.596	394	23.621	503
23.647	408	23.673	503
23.697	424	23.723	505
23.748	437	23.774	507
23.798	450	23.824	512
23.850	460	23.875	516
23.900	469	23.925	521
23.951	474	23.977	528
24.001	476	24.027	534
24.052	474	24.078	539
24.103	470	24.128	546
24.154	464	24.179	550
24.204	453	24.230	554
24.255	442	24.281	556
24.305	429	24.331	557
24.357	415	24.382	556
24.407	401	24.432	553
24.458	388	24.484	551
24.508	376	24.534	547
24.559	366	24.585	541
24.609	360	24.635	534
24.661	355	24.686	527
24.711	355	24.736	521
24.762	357	24.788	513
24.812	362	24.838	508
24.863	369	24.889	503
24.914	379	24.939	501
24.965	391	24.990	498
25.015	404	25.041	498
25.066	418	25.092	499
25.116	431	25.142	503
25.168	444	25.193	506
25.218	453	25.243	511
25.269	462	25.295	518
25.319	468	25.345	525
25.370	471	25.396	532
25.420	469	25.446	538
25.472	468	25.497	546
25.522	462	25.547	552
25.573	455	25.599	557
25.623	444	25.649	559
25.674	432	25.700	563
25.725	419	25.750	562
25.776	406	25.801	560
25.827	395	25.852	556
25.877	382	25.903	552
25.928	374	25.953	546
25.979	366	26.004	539
26.030	361	26.054	530
26.080	359	26.106	523
26.131	361	26.156	515
26.181	365	26.207	508
26.233	370	26.257	502
26.283	380	26.308	498
26.334	390	26.358	495
26.384	401	26.410	492
26.435	413	26.460	494
26.485	425	26.511	495
26.537	436	26.561	501
26.587	447	26.612	506
26.638	455	26.663	514
26.688	461	26.714	519
26.739	464	26.764	529
26.790	465	26.815	538
26.841	464	26.865	546
26.891	460	26.917	553
26.942	453	26.967	558
26.992	443	27.018	563
27.044	435	27.068	566
27.094	423	27.119	567
27.145	412	27.169	565
27.195	400	27.221	562
27.246	390	27.271	556
27.296	381	27.322	551
27.348	374	27.372	542
27.398	369	27.423	534
27.449	365	27.474	525
27.499	366	27.525	517
27.550	368	27.575	509
27.601	374	27.626	501
27.652	381	27.676	494
27.702	388	27.728	491
27.753	399	27.778	489
27.803	409	27.829	489
27.855	420	27.879	493
27.905	430	27.930	495
27.956	439	27.980	503
28.006	448	28.032	508
28.057	453	28.082	517
28.107	457	28.133	526
28.159	459	28.183	535
28.209	457	28.234	544
28.260	455	28.285	553
28.310	450	28.336	559
28.361	443	28.386	564
28.412	434	28.437	568
28.463	427	28.487	570
28.513	415	28.539	569
28.564	406	28.589	566
28.614	396	28.640	562
28.666	388	28.690	554
28.716	381	28.741	547
28.767	377	28.791	538
28.817	374	28.843	529
28.868	372	28.894	518
28.918	374	28.944	510
28.970	378	28.995	502
29.020	383	29.045	495
29.071	389	29.097	490
29.121	399	29.147	487
29.172	406	29.198	486
29.223	415	29.248	487
29.274	424	29.299	491
29.324	432	29.350	495
29.375	440	29.401	504
29.425	446	29.451	511
29.477	450	29.502	522
29.527	452	29.552	532
29.578	452	29.604	542
29.628	450	29.654	550
29.679	447	29.705	559
29.729	441	29.755	565
29.781	434	29.806	569
29.831	426	29.856	572
29.882	420	29.908	572
29.932	411	29.958	569
29.983	402	30.009	566
30.034	395	30.059	559
30.085	388	30.110	552
30.135	384	30.161	544
30.186	381	30.212	532
30.236	380	30.262	523
30.288	379	30.313	512
30.338	383	30.363	503
30.389	386	30.415	496
30.439	391	30.465	489
30.490	398	30.516	486
30.540	405	30.566	483
30.592	412	30.617	484
30.642	419	30.667	486
30.693	427	30.719	492
30.743	433	30.769	498
30.794	438	30.820	508
30.845	443	30.870	517
30.896	445	30.921	528
30.946	446	30.972	539
30.997	445	31.023	549
31.047	442	31.073	558
31.099	439	31.124	564
31.149	433	31.174	571
31.200	428	31.226	573
31.250	420	31.276	575
31.301	413	31.327	573
31.351	408	31.377	570
31.403	402	31.428	563
31.453	395	31.478	555
31.504	391	31.530	546
31.554	388	31.580	537
31.605	386	31.631	526
31.656	386	31.681	515
31.707	387	31.732	506
31.757	390	31.783	497
31.808	394	31.834	490
31.858	400	31.884	486
31.910	404	31.935	482
31.960	410	31.985	482
32.011	416	32.037	485
32.061	421	32.087	488
32.112	427	32.138	493
32.163	431	32.188	503
32.214	435	32.239	513
32.264	437	32.289	524
32.315	438	32.341	535
32.365	437	32.391	545
32.416	436	32.442	555
32.467	434	32.492	563
32.518	430	32.543	569
32.568	427	32.594	574
32.619	422	32.645	576
32.669	415	32.695	576
32.721	411	32.746	572
32.771	406	32.796	568
32.822	402	32.848	558
32.872	398	32.898	549
32.923	395	32.949	540
32.974	394	32.999	530
33.025	394	33.050	519
33.075	394	33.100	509
33.126	396	33.152	498
33.176	398	33.202	491
33.227	401	33.253	485
33.278	405	33.303	481
33.329	410	33.354	481
33.380	413	33.405	482
33.430	418	33.456	486
33.481	421	33.506	493
33.532	425	33.557	501
33.583	428	33.607	511
33.633	429	33.659	520
33.684	431	33.709	531
33.734	431	33.760	542
33.786	430	33.810	552
33.836	429	33.861	559
33.887	427	33.911	568
33.937	423	33.963	572
33.988	420	34.013	575
34.038	417	34.064	576
34.090	412	34.114	572
34.140	409	34.165	568
34.191	407	34.216	563
34.241	405	34.267	553
34.292	403	34.317	544
34.343	401	34.368	532
34.394	400	34.418	522
34.444	401	34.470	512
34.495	402	34.520	503
34.545	404	34.571	494
34.597	404	34.621	488
34.647	406	34.672	484
34.698	411	34.723	482
34.748	411	34.774	482
34.799	415	34.824	485
34.849	417	34.875	490
34.901	420	34.925	498
34.951	421	34.976	508
35.002	423	35.027	519
35.052	423	35.078	527
35.103	424	35.128	538
35.154	424	35.179	549
35.205	424	35.229	558
35.255	421	35.281	565
35.306	421	35.331	571
35.356	418	35.382	575
35.408	417	35.432	575
35.458	415	35.483	574
35.509	412	35.534	569
35.559	411	35.585	564
35.610	411	35.635	557
35.660	408	35.686	547
35.712	408	35.736	536
35.762	407	35.787	525
35.813	407	35.838	516
35.863	408	35.889	506
35.914	408	35.939	497
35.965	409	35.990	490
36.016	410	36.040	486
36.066	411	36.092	483
36.117	414	36.142	481
36.167	415	36.193	485
36.219	414	36.243	490
36.269	415	36.294	497
36.320	416	36.345	504
36.370	417	36.396	513
36.421	416	36.447	524
36.471	417	36.497	534
36.523	417	36.548	545
36.573	417	36.598	554
36.624	416	36.650	563
36.674	417	36.700	568
36.725	414	36.751	572
36.776	416	36.801	574
36.827	415	36.852	573
36.877	415	36.903	571
36.928	414	36.954	564
36.978	413	37.004	559
37.030	414	37.055	550
37.080	414	37.105	540
37.131	414	37.157	529
37.181	413	37.207	519
37.232	413	37.258	510
37.283	414	37.308	501
37.334	414	37.359	494
37.384	413	37.409	488
37.435	415	37.461	485
37.485	414	37.511	484
37.536	414	37.562	485
37.587	413	37.612	489
37.638	413	37.663	495
37.688	413	37.714	503
37.739	412	37.765	511
37.789	412	37.815	520
37.841	412	37.866	531
37.891	411	37.916	542
37.942	412	37.968	548
37.992	413	38.018	558
38.043	412	38.069	565
38.094	414	38.119	569
38.145	415	38.170	572
38.195	415	38.220	572
38.246	415	38.272	570
38.296	419	38.322	565
38.347	417	38.373	559
38.398	418	38.423	551
38.449	418	38.474	543
38.499	418	38.525	533
38.550	418	38.576	523
38.600	418	38.626	513
38.652	418	38.677	504
38.702	417	38.727	497
38.753	416	38.779	492
38.803	415	38.829	487
38.854	414	38.880	486
38.905	413	38.930	487
38.956	411	38.981	490
39.006	410	39.031	495
39.057	410	39.083	501
39.107	408	39.133	509
39.158	408	39.184	518
39.209	408	39.234	527
39.260	408	39.285	537
39.310	408	39.336	546
39.361	409	39.387	553
39.411	411	39.437	561
39.463	412	39.488	566
39.513	412	39.538	569
39.564	414	39.590	569
39.614	417	39.640	568
39.665	418	39.691	565
39.716	420	39.741	559
39.767	421	39.792	553
39.817	422	39.843	544
39.868	422	39.894	535
39.918	423	39.944	526
39.969	422	39.995	517
40.020	421	40.045	508
40.071	420	40.096	503
40.122	418	40.147	496
40.172	416	40.198	492
40.223	414	40.248	489
40.274	412	40.299	489
40.325	409	40.349	491
40.375	408	40.401	495
40.426	407	40.451	501
40.476	405	40.502	508
40.528	405	40.552	516
40.578	404	40.603	524
40.629	404	40.654	534
40.679	405	40.705	542
40.730	406	40.755	550
40.780	408	40.806	557
40.832	409	40.856	562
40.882	412	40.907	565
40.933	414	40.958	566
40.983	417	41.009	566
41.034	420	41.059	564
41.085	422	41.110	559
41.136	424	41.160	553
41.186	425	41.212	546
41.237	425	41.262	537
41.287	426	41.313	529
41.339	426	41.363	521
41.389	425	41.414	514
41.440	423	41.465	506
41.490	421	41.516	500
41.541	419	41.566	496
41.591	416	41.617	493
41.643	412	41.667	492
41.693	410	41.718	494
41.744	407	41.769	496
41.794	405	41.820	502
41.845	401	41.870	507
41.896	402	41.921	513
41.947	401	41.971	523
41.997	401	42.023	531
42.048	402	42.073	538
42.098	403	42.124	547
42.150	403	42.174	553
42.200	407	42.225	557
42.251	410	42.276	561
42.301	413	42.327	562
42.352	416	42.377	563
42.403	419	42.428	561
42.454	423	42.478	558
42.504	425	42.529	553
42.555	427	42.580	547
42.605	428	42.631	539
42.656	428	42.681	532
42.707	429	42.732	525
42.758	428	42.782	516
42.808	426	42.834	511
42.859	424	42.884	505
42.909	421	42.935	501
42.961	418	42.985	497
43.011	414	43.036	496
43.062	411	43.087	497
43.112	407	43.138	498
43.163	404	43.189	502
43.214	402	43.239	507
43.265	399	43.290	512
43.315	398	43.340	519
43.366	398	43.392	528
43.416	399	43.442	535
43.467	400	43.493	542
43.518	402	43.543	547
43.569	405	43.594	553
43.619	408	43.645	556
43.670	411	43.696	559
43.720	415	43.746	560
43.772	419	43.797	559
43.822	422	43.847	556
43.873	427	43.899	552
43.923	428	43.949	547
43.974	430	44.000	541
44.025	431	44.050	534
44.076	431	44.101	527
44.126	431	44.151	521
44.177	428	44.203	514
44.227	427	44.253	510
44.278	423	44.304	504
44.329	420	44.354	502
44.380	415	44.405	499
44.430	412	44.456	500
44.481	408	44.507	500
44.531	404	44.557	504
44.583	400	44.608	509
44.633	398	44.658	513
44.684	397	44.710	519
44.734	396	44.760	525
44.785	396	44.811	532
44.836	398	44.861	538
44.887	400	44.912	545
44.937	402	44.963	548
44.988	405	45.014	553
45.038	409	45.064	553
45.089	414	45.115	555
45.140	418	45.165	555
45.191	423	45.216	553
45.241	426	45.267	550
45.292	430	45.318	546
45.342	430	45.368	541
45.394	433	45.419	536
45.444	434	45.469	529
45.495	432	45.521	524
45.545	431	45.571	518
45.596	429	45.622	515
45.647	426	45.672	508
45.698	422	45.723	507
45.748	418	45.774	504
45.799	413	45.825	504
45.849	408	45.875	504
45.900	404	45.926	507
45.951	400	45.976	510
46.002	397	46.027	514
46.052	396	46.078	518
46.103	395	46.129	524
46.153	394	46.179	529
46.205	395	46.230	534
46.255	397	46.280	540
46.306	400	46.332	544
46.356	403	46.382	547
46.407	408	46.433	551
46.458	412	46.483	552
46.509	417	46.534	552
46.559	421	46.585	550
46.610	426	46.636	548
46.660	429	46.686	544
46.711	432	46.737	541
46.762	434	46.787	536
46.813	436	46.838	532
46.863	435	46.889	526
46.914	433	46.940	521
46.964	430	46.990	517
47.016	427	47.041	513
47.066	424	47.091	511
47.117	419	47.143	508
47.167	414	47.193	507
47.218	410	47.244	508
47.269	405	47.294	510
47.320	400	47.345	512
47.370	398	47.396	516
47.421	395	47.447	519
47.471	393	47.497	523
47.523	393	47.548	528
47.573	393	47.598	532
47.624	395	47.649	537
47.674	399	47.700	541
47.725	400	47.751	543
47.775	406	47.801	546
47.827	410	47.852	548
47.877	415	47.902	547
47.928	420	47.954	546
47.978	426	48.004	545
48.029	429	48.055	542
48.080	432	48.105	539
48.131	434	48.156	537
48.181	436	48.207	532
48.232	436	48.258	528
48.282	434	48.308	525
48.334	432	48.359	521
48.384	429	48.409	517
48.435	425	48.460	514
48.485	421	48.511	514
48.536	416	48.562	513
48.586	411	48.612	513
48.638	406	48.663	514
48.688	402	48.713	515
48.739	397	48.765	517
48.789	396	48.815	521
48.840	392	48.866	523
48.891	393	48.916	526
48.942	392	48.967	530
48.992	394	49.018	534
49.043	396	49.069	537
49.093	401	49.119	538
49.145	404	49.170	542
49.195	409	49.220	543
49.246	414	49.271	544
49.296	419	49.322	540
49.347	423	49.373	541
49.397	428	49.423	540
49.449	431	49.474	537
49.499	435	49.524	535
49.550	436	49.576	533
49.600	437	49.626	529
49.651	435	49.677	526
49.702	434	49.727	523
49.753	431	49.778	521
49.803	427	49.829	519
49.854	423	49.880	518
49.904	417	49.930	517
49.956	413	49.981	516
50.006	407	50.031	517
50.057	404	50.083	519
50.107	399	50.133	520
50.158	395	50.184	522
50.208	393	50.234	524
50.260	391	50.285	527
50.310	393	50.335	528
50.361	392	50.387	531
50.411	396	50.437	534
50.462	399	50.488	535
50.513	403	50.538	536
50.564	407	50.589	539
50.614	412	50.640	538
50.665	417	50.691	538
50.715	423	50.741	537
50.767	427	50.792	537
50.817	431	50.842	536
50.868	434	50.894	534
50.918	435	50.944	532
50.969	436	50.995	528
51.019	434	51.045	528
51.071	436	51.096	526
51.121	432	51.146	524
51.172	428	51.198	522
51.222	424	51.248	522
51.273	419	51.299	522
51.324	414	51.349	522
51.375	409	51.400	521
51.425	404	51.451	522
51.476	400	51.502	522
51.526	396	51.552	524
51.578	393	51.603	525
51.628	394	51.653	526
51.679	392	51.705	528
51.729	393	51.755	530
51.780	395	51.806	531
51.830	398	51.856	532
51.882	401	51.907	534
51.932	407	51.957	534
51.983	411	52.009	534
52.033	416	52.059	534
52.084	421	52.110	533
52.135	425	52.160	534
52.186	429	52.211	533
52.236	432	52.262	531
52.287	436	52.313	531
52.337	434	52.363	528
52.389	435	52.414	528
52.439	434	52.464	527
52.490	432	52.516	526
52.540	428	52.566	525
52.591	424	52.617	524
52.641	420	52.667	525
52.693	415	52.718	524
52.744	410	52.768	525
52.794	406	52.820	525
52.845	402	52.870	526
52.895	398	52.921	527
52.947	395	52.971	527
52.997	393	53.022	528
53.048	393	53.073	529
53.098	393	53.124	529
53.149	395	53.174	530
53.200	398	53.225	530
53.251	401	53.275	529
53.301	405	53.327	531
53.352	409	53.377	530
53.402	415	53.428	531
53.454	419	53.478	530
53.504	423	53.529	529
53.555	427	53.579	530
53.605	430	53.631	529
53.656	432	53.681	529
53.706	436	53.732	528
53.758	434	53.782	528
53.808	434	53.833	529
53.859	431	53.884	527
53.909	428	53.935	528
53.960	425	53.985	527
54.011	421	54.036	528
54.062	416	54.086	527
54.112	413	54.138	528
54.163	407	54.188	528
54.213	404	54.239	528
54.265	400	54.289	529
54.315	396	54.340	528
54.366	395	54.390	529
54.416	394	54.442	529
54.467	394	54.492	528
54.517	396	54.543	528
54.569	398	54.593	529
54.619	401	54.644	528
54.670	405	54.695	528
54.720	409	54.746	529
54.771	413	54.796	528
54.822	417	54.847	529
54.873	421	54.897	527
54.923	426	54.949	529
54.974	429	54.999	528
55.024	432	55.050	528
55.076	432	55.100	528
55.126	433	55.151	529
55.177	432	55.201	529
55.227	430	55.253	529
55.278	428	55.303	530
55.328	425	55.354	530
55.380	421	55.404	530
55.430	417	55.455	530
55.481	413	55.506	529
55.531	409	55.557	530
55.582	405	55.607	529
55.633	401	55.658	530
55.684	399	55.709	529
55.734	397	55.760	529
55.785	396	55.811	528
55.835	395	55.861	527
55.887	397	55.912	527
55.937	398	55.962	527
55.988	401	56.014	526
56.038	404	56.064	526
56.089	408	56.115	526
56.139	412	56.165	527
56.191	416	56.216	525
56.241	421	56.266	527
56.292	424	56.318	526
56.342	427	56.368	528
56.393	429	56.419	528
56.444	431	56.469	529
56.495	431	56.520	529
56.545	431	56.571	530
56.596	431	56.622	530
56.646	428	56.672	531
56.698	425	56.723	530
56.748	422	56.773	531
56.799	418	56.825	532
56.849	414	56.875	530
56.900	410	56.926	532
56.950	406	56.976	530
57.002	403	57.027	530
57.052	400	57.077	528
57.103	399	57.129	528
57.153	397	57.179	527
57.204	397	57.230	527
57.255	397	57.280	526
57.306	400	57.331	525
57.356	402	57.382	526
57.407	405	57.433	525
57.457	407	57.483	525
57.509	411	57.534	525
57.559	415	57.584	526
57.610	417	57.636	526
57.660	422	57.686	527
57.711	426	57.737	527
57.761	428	57.787	528
57.813	430	57.838	529
57.863	430	57.888	530
57.914	430	57.940	531
57.964	429	57.990	532
58.015	427	58.041	532
58.066	425	58.091	532
58.117	422	58.142	532
58.167	419	58.193	532
58.218	414	58.244	532
58.268	410	58.294	531
58.320	408	58.345	531
58.370	405	58.395	530
58.421	402	58.447	530
58.471	400	58.497	529
58.522	400	58.548	528
58.572	399	58.598	526
58.624	400	58.649	526
58.674	399	58.699	525
58.725	402	58.751	524
58.775	405	58.801	525
58.826	408	58.852	524
58.877	410	58.902	525
58.928	414	58.953	524
58.979	418	59.004	526
59.029	421	59.055	526
59.080	423	59.105	527
59.131	425	59.156	528
59.182	426	59.206	529
59.232	428	59.258	530
59.283	429	59.308	531
59.333	428	59.359	531
59.385	427	59.409	532
59.435	425	59.460	533
59.486	423	59.510	533
59.536	416	59.562	533
59.587	416	59.612	533
59.637	413	59.663	532
59.689	410	59.713	532
59.739	406	59.764	530
59.790	405	59.815	528
59.840	402	59.866	528
59.891	401	59.916	526
59.942	400	59.967	527
59.993	400	60.017	526
60.043	403	60.069	525
60.094	402	60.119	525
60.144	406	60.170	524
60.196	406	60.220	524
60.246	411	60.271	524
60.297	413	60.321	525
60.347	417	60.373	525
60.398	419	60.423	527
60.448	422	60.474	528
60.500	424	60.524	528
60.550	425	60.575	530
60.601	427	60.626	529
60.651	426	60.677	532
60.702	426	60.727	531
60.753	426	60.778	532
60.804	425	60.828	534
60.854	421	60.880	533
60.905	420	60.930	533
60.955	416	60.981	532
61.007	414	61.031	531
61.057	409	61.082	530
61.108	408	61.132	529
61.158	405	61.184	529
61.209	404	61.234	527
61.259	403	61.285	527
61.311	403	61.335	526
61.361	403	61.386	526
61.412	403	61.437	524
61.462	405	61.488	524
61.513	406	61.538	524
61.564	408	61.589	524
61.615	411	61.639	525
61.665	413	61.691	523
61.716	415	61.741	526
61.766	418	61.792	526
61.818	420	61.842	527
61.868	422	61.893	527
61.919	423	61.943	529
61.969	425	61.995	528
62.020	425	62.046	531
62.070	425	62.096	532
62.122	424	62.147	532
62.172	423	62.197	533
62.223	421	62.249	533
62.273	419	62.299	533
62.324	417	62.350	532
62.375	413	62.400	531
62.426	411	62.451	530
62.476	409	62.502	529
62.527	407	62.553	529
62.577	406	62.603	527
62.629	405	62.654	527
62.679	404	62.704	526
62.730	404	62.756	525
62.780	404	62.806	525
62.831	405	62.857	524
62.881	407	62.907	524
62.933	408	62.958	525
62.983	411	63.008	525
63.034	413	63.060	525
63.084	415	63.110	526
63.135	417	63.161	527
63.186	419	63.211	527
63.237	421	63.262	528
63.287	422	63.313	530
63.338	423	63.364	531
63.388	422	63.414	531
63.440	422	63.465	532
63.490	423	63.515	531
63.541	422	63.567	532
63.591	419	63.617	533
63.642	419	63.668	533
63.692	414	63.718	533
63.744	414	63.769	532
63.794	412	63.819	531
63.845	410	63.871	529
63.895	409	63.921	530
63.946	407	63.972	527
63.997	406	64.022	527
64.048	406	64.073	526
64.098	405	64.124	527
64.149	406	64.175	525
64.199	406	64.225	525
64.251	407	64.276	525
64.301	409	64.326	524
64.352	411	64.378	525
64.402	413	64.428	525
64.453	414	64.479	523
64.503	416	64.529	527
64.555	417	64.580	528
64.605	419	64.630	530
64.656	420	64.682	528
64.706	422	64.732	530
64.757	421	64.783	531
64.808	422	64.833	531
64.859	421	64.884	533
64.909	420	64.935	532
64.960	418	64.986	532
65.010	418	65.036	532
65.062	416	65.087	532
65.112	414	65.137	531
65.163	413	65.189	530
65.213	411	65.239	529
65.264	410	65.290	528
65.315	408	65.340	528
65.366	408	65.391	528
65.416	407	65.441	527
65.467	407	65.493	526
65.517	407	65.543	526
65.568	408	65.594	524
65.619	409	65.644	525
65.670	409	65.695	524
65.720	411	65.746	525
65.771	412	65.797	525
65.821	415	65.847	526
65.873	416	65.898	527
65.923	417	65.948	527
65.974	418	66.000	529
66.024	419	66.050	528
66.075	420	66.101	530
66.126	420	66.151	531
66.177	420	66.202	530
66.227	420	66.252	531
66.278	419	66.304	531
66.328	418	66.354	532
66.379	417	66.405	531
66.430	415	66.455	531
66.481	416	66.506	530
66.532	412	66.557	530
66.582	413	66.608	529
66.633	411	66.658	529
66.684	410	66.709	527
66.735	409	66.759	528
66.785	408	66.811	526
66.836	408	66.861	526
66.886	409	66.912	527
66.938	409	66.962	526
66.988	410	67.013	525
67.039	411	67.063	525
67.089	412	67.115	525
67.140	413	67.165	526
67.190	414	67.216	527
67.242	415	67.266	527
67.292	416	67.317	527
67.343	417	67.368	529
67.393	418	67.419	530
67.444	418	67.469	532
67.495	419	67.520	530
67.546	419	67.570	531
67.596	419	67.622	532
67.647	418	67.672	531
67.697	418	67.723	531
67.749	416	67.773	531
67.799	416	67.824	530
67.850	415	67.875	531
67.900	413	67.926	530
67.951	412	67.976	529
68.001	410	68.027	529
68.053	410	68.077	528
68.103	410	68.128	527
68.154	409	68.179	527
68.204	409	68.230	527
68.255	410	68.280	526
68.306	410	68.331	527
68.357	410	68.381	526
68.407	412	68.433	526
68.458	412	68.483	526
68.508	413	68.534	527
68.560	414	68.584	527
68.610	415	68.635	527
68.661	416	68.686	528
68.711	416	68.737	529
68.762	417	68.787	528
68.812	418	68.838	530
68.864	418	68.888	530
68.914	417	68.939	529
68.965	417	68.990	530
69.015	417	69.041	532
69.066	416	69.091	530
69.117	416	69.142	530
69.168	414	69.192	531
69.218	414	69.244	529
69.269	414	69.294	529
69.319	413	69.345	528
69.371	412	69.395	528
69.421	412	69.446	526
69.472	411	69.497	528
69.522	411	69.548	527
69.573	411	69.599	527
69.623	411	69.649	527
69.675	411	69.700	527
69.725	411	69.750	527
69.776	412	69.802	527
69.826	413	69.852	527
69.877	413	69.903	528
69.928	413	69.953	527
69.979	415	70.004	528
70.029	415	70.055	528
70.080	415	70.106	529
70.130	417	70.156	530
70.182	417	70.207	529
70.232	416	70.257	530
70.283	417	70.309	529
70.333	417	70.359	530
70.384	416	70.410	530
70.435	415	70.460	529
70.486	415	70.511	529
70.536	415	70.561	530
70.587	413	70.613	529
70.637	413	70.663	530
70.688	411	70.714	528
70.739	413	70.764	527
70.790	412	70.815	527
70.840	412	70.866	527
70.891	412	70.917	527
70.941	412	70.967	527
70.993	412	71.018	527
71.043	413	71.068	527
71.094	413	71.120	527
71.144	413	71.170	527
71.195	413	71.221	528
71.246	414	71.271	528
71.297	415	71.322	528
71.347	415	71.372	528
71.398	416	71.424	529
71.448	416	71.474	528
71.499	416	71.525	530
71.550	416	71.575	530
71.601	416	71.626	529
71.651	416	71.677	530
71.702	416	71.728	530
71.752	415	71.778	529
71.804	414	71.829	528
71.854	414	71.879	529
71.905	414	71.931	528
71.955	413	71.981	528
72.006	413	72.032	528
72.057	413	72.082	529
72.108	412	72.133	528
72.158	412	72.183	527
72.209	413	72.235	527
72.259	413	72.285	527
72.310	412	72.336	528
72.361	412	72.386	528
72.412	413	72.437	527
72.462	414	72.488	528
72.513	414	72.539	528
72.563	414	72.589	528
72.615	413	72.640	528
72.665	415	72.690	528
72.716	415	72.742	528
72.766	416	72.792	529
72.817	416	72.843	529
72.868	416	72.893	529
72.919	416	72.944	530
72.969	416	72.995	529
73.020	416	73.046	528
73.070	415	73.096	529
73.121	414	73.147	529
73.172	415	73.197	529
73.223	414	73.248	528
73.274	413	73.299	529
73.324	414	73.350	527
73.375	414	73.400	528
73.426	413	73.451	528
73.477	413	73.501	528
73.527	414	73.553	528
73.578	413	73.603	527
73.628	412	73.654	528
73.680	415	73.704	530
73.730	414	73.755	529
73.781	414	73.806	528
73.831	414	73.857	529
73.882	414	73.907	527
73.932	415	73.958	529
73.984	414	74.008	528
74.034	414	74.059	528
74.085	415	74.110	527
74.135	413	74.161	529
74.186	416	74.211	529
74.237	414	74.262	529
74.288	416	74.312	530
74.338	416	74.364	529
74.389	415	74.414	529
74.439	415	74.465	528
74.491	414	74.515	528
74.541	413	74.566	527
74.592	413	74.617	529
74.642	414	74.668	528
74.693	414	74.718	529
74.743	414	74.769	528
74.795	413	74.819	528
74.845	413	74.870	529
74.896	413	74.921	527
74.946	413	74.972	529
74.997	414	75.022	528
75.048	413	75.073	528
75.099	415	75.123	528
75.149	415	75.175	529
75.200	414	75.225	528
75.250	415	75.276	528
75.302	414	75.326	528
75.352	416	75.377	529
75.403	415	75.428	528
75.453	416	75.479	529
75.504	414	75.529	530
